21 0 23
22 19 22
23 19 22
23 19 21
22 19 22
23 20 21
23 20 22
22 20 21
23 20 21
23 20 22
22 20 21
23 19 22
23 19 22
22 20 21
23 19 22
23 20 21
22 20 21
23 19 22
23 19 22
22 20 21
23 19 22
23 19 22
23 19 22
23 19 22
23 19 22
23 19 21
23 19 23
23 19 22
23 19 22
23 19 22
22 19 22
23 19 22
23 19 22
23 19 22
23 19 22
23 19 22
23 19 22
23 19 22
23 19 22
22 19 22
23 19 24
23 19 22
22 19 22
23 19 23
23 19 22
23 19 22
23 19 22
22 20 21
23 20 21
23 20 21
22 20 21
23 20 21
23 19 21
22 19 21
23 19 22
23 19 22
22 19 22
23 19 22
23 19 22
23 19 22
23 19 21
23 19 22
23 19 22
23 19 21
23 19 22
23 19 22
23 19 22
23 19 22
22 19 22
23 19 23
23 19 22
23 19 22
23 19 22
23 19 22
23 19 22
23 19 22
23 19 21
23 19 22
23 19 23
23 19 21
23 19 22
23 20 22
23 19 21
23 20 22
23 20 25
23 19 21
23 19 22
23 19 22
23 19 22
23 19 22
23 19 23
23 19 22
23 19 22
23 19 22
22 19 22
23 19 22
23 19 22
23 19 21
23 19 21
23 19 22
23 19 22
23 19 21
23 19 22
23 19 22
23 19 21
23 19 21
23 19 22
23 19 22
23 19 22
23 19 21
23 19 22
23 19 22
23 19 22
23 19 21
23 19 22
23 19 22
23 19 21
23 19 21
23 19 22
23 19 22
23 19 22
23 19 21
23 19 22
23 19 21
23 19 22
23 19 22
23 19 22
23 19 22
23 19 22
23 19 22
23 19 22
23 19 22
23 19 22
23 19 22
23 19 21
23 19 22
23 19 22
23 19 22
23 19 22
23 19 22
23 19 21
23 19 22
23 19 22
23 19 22
23 19 22
22 20 21
23 19 22
23 19 22
23 19 22
23 19 22
23 19 21
23 19 22
23 19 22
23 19 21
23 19 22
23 19 22
23 19 22
23 19 22
23 19 22
23 19 22
23 19 21
23 19 22
23 19 22
23 19 22
23 19 22
23 19 22
23 19 22
23 19 22
23 19 21
23 19 21
23 19 22
23 19 22
23 19 21
23 19 23
23 19 22
23 19 22
23 19 22
23 19 21
23 19 22
23 19 22
23 19 21
23 19 21
23 19 22
23 19 22
24 19 21
23 19 22
23 19 22
23 19 22
23 19 22
23 19 22
23 19 22
23 19 22
23 19 22
23 19 21
23 19 22
23 19 22
23 19 22
23 19 22
23 19 21
23 19 21
23 19 22
23 19 21
23 19 22
23 19 22
23 19 22
23 19 22
23 19 22
23 19 22
23 19 22
23 19 22
23 19 22
23 19 21
23 19 22
23 19 22
23 19 22
23 19 21
23 19 22
23 19 22
23 20 22
23 19 21
23 19 22
23 20 22
23 19 22
23 19 22
23 19 22
23 19 22
23 19 22
23 19 22
23 19 22
23 19 22
23 19 22
23 19 21
23 19 21
23 19 22
23 19 21
23 19 21
23 19 22
23 19 22
23 19 22
23 19 22
23 19 22
23 19 21
23 19 23
23 19 21
23 19 22
23 19 22
23 19 22
23 19 22
23 19 22
23 19 21
23 19 21
23 19 22
23 19 22
23 19 22
23 19 22
23 19 22
23 19 21
23 19 23
23 19 22
23 19 22
23 19 21
23 19 21
23 19 21
23 19 22
23 19 21
23 19 22
23 19 23
23 19 21
23 19 22
23 19 22
23 19 22
23 19 21
23 19 22
23 19 21
23 19 22
23 19 23
23 19 22
23 19 22
23 19 22
23 19 22
23 19 22
23 19 22
23 19 22
23 19 22
23 19 22
23 19 22
23 19 22
23 19 22
23 19 22
23 19 21
23 19 22
23 19 22
23 19 22
23 19 22
23 19 21
23 19 22
23 19 22
23 19 21
23 19 21
23 19 21
23 19 21
23 19 22
23 19 24
23 19 21
23 19 22
23 19 22
23 19 21
23 19 22
23 19 22
23 19 21
23 19 22
23 19 22
23 19 22
23 19 22
23 19 22
23 19 22
23 19 22
23 19 22
23 19 22
23 19 22
23 19 22
23 19 22
23 19 22
23 19 22
23 19 22
23 19 22
23 19 22
23 19 22
23 19 21
23 19 22
23 19 22
23 19 21
23 19 22
23 19 22
23 19 22
23 19 21
23 19 21
23 19 21
23 19 22
23 19 22
23 19 21
23 19 22
23 19 22
23 19 21
23 19 23
23 19 22
23 19 22
23 19 22
23 19 22
23 19 22
23 19 22
23 19 22
23 19 22
23 19 22
23 19 21
23 19 22
23 19 22
23 19 21
23 19 22
23 19 22
23 19 22
23 19 22
23 19 22
24 19 22
23 19 22
23 19 22
23 19 21
23 19 22
24 19 22
23 19 21
23 19 22
23 19 22
23 19 22
23 19 21
23 19 22
23 19 22
23 19 22
23 19 22
23 19 22
23 19 22
23 19 22
23 19 22
23 19 22
23 19 21
23 19 22
23 19 22
23 19 22
23 19 22
24 19 22
23 19 22
23 19 22
23 19 22
23 19 22
23 19 22
24 19 22
24 19 22
23 19 22
23 19 22
23 19 22
23 19 21
24 20 22
23 19 22
23 19 24
23 20 21
23 20 21
23 19 22
23 19 21
23 19 21
