25 0 23
23 20 24
23 20 22
23 20 22
23 20 22
23 20 22
23 20 24
23 20 22
23 20 22
23 20 22
23 20 22
23 20 25
23 20 22
23 20 22
23 20 22
23 20 22
23 20 22
23 20 22
23 20 22
23 20 22
23 20 22
23 20 23
23 20 22
23 20 22
23 20 22
23 20 22
23 20 22
23 22 22
23 20 22
23 20 22
23 20 22
23 20 22
23 20 22
23 20 22
23 20 22
23 22 22
23 22 24
23 20 22
23 20 22
23 20 22
23 20 22
23 20 22
23 22 22
23 20 22
23 20 22
23 20 22
23 20 23
23 20 22
23 22 22
23 20 22
23 22 21
23 22 22
23 20 22
23 20 22
23 22 22
23 22 22
23 20 22
23 22 22
23 22 22
23 20 22
23 20 22
23 20 22
23 20 24
23 20 22
23 20 22
23 22 22
23 20 22
23 20 22
23 20 22
23 20 22
23 20 22
23 22 22
23 20 22
23 22 25
23 20 22
23 20 22
23 20 22
23 22 22
23 22 22
23 22 22
23 20 22
23 22 22
23 22 22
23 22 22
23 22 22
23 22 22
23 22 23
23 22 22
23 22 22
23 22 22
23 22 23
23 22 22
23 22 22
23 22 22
23 22 22
23 22 22
23 22 22
23 22 22
23 22 22
23 20 23
23 22 22
23 22 22
23 22 22
23 22 22
23 22 22
23 22 21
23 22 22
23 22 25
23 22 24
23 22 22
23 22 22
23 22 22
23 22 22
23 22 22
23 22 22
23 22 22
23 22 22
23 22 22
23 22 22
23 22 22
23 22 22
23 22 22
23 22 22
23 22 25
23 22 25
23 22 22
23 22 22
23 22 22
23 22 22
23 22 22
23 22 22
23 22 22
23 22 22
23 22 22
23 22 22
23 22 22
23 22 22
23 20 22
23 22 22
23 22 22
23 22 22
23 22 22
23 22 22
23 22 21
23 22 22
23 22 22
23 22 22
23 22 22
23 22 22
23 22 22
23 20 22
23 22 22
23 22 24
23 20 22
23 20 22
23 22 22
23 22 22
23 22 22
23 20 24
23 20 22
23 20 22
23 20 22
23 20 22
23 20 23
23 22 22
23 22 22
23 20 22
23 22 22
23 20 22
23 22 25
23 22 22
23 22 22
23 20 22
23 22 22
23 22 22
23 22 22
23 20 24
23 20 22
23 20 22
23 20 22
23 20 22
23 20 24
23 20 22
23 20 22
23 22 22
23 20 22
23 20 22
23 20 22
23 20 22
23 20 22
23 20 22
23 20 24
23 20 22
23 20 22
23 20 22
23 20 22
23 20 23
23 20 22
23 20 22
23 20 22
23 20 22
23 20 22
23 22 22
23 20 22
23 20 22
23 22 22
23 20 22
23 20 22
23 20 22
23 20 22
23 20 22
23 20 24
23 20 22
23 20 22
23 20 22
23 20 22
23 20 22
23 20 22
23 20 22
23 20 22
23 20 22
23 20 25
23 20 22
23 20 22
23 20 22
23 20 22
23 20 22
23 20 22
23 20 22
23 20 22
23 20 22
23 20 25
23 20 22
23 20 22
23 20 22
23 20 22
23 20 22
23 20 23
23 20 22
23 20 22
23 20 22
23 20 23
23 20 22
23 22 22
23 20 22
23 20 22
23 20 24
23 20 22
23 20 22
23 20 22
23 20 22
23 20 25
23 20 22
23 20 22
23 20 22
23 20 22
23 20 22
23 20 22
23 20 22
23 20 22
23 20 22
23 20 22
23 20 22
23 20 22
23 20 22
23 20 22
23 20 22
23 20 22
23 20 22
23 20 22
23 20 22
23 20 25
23 20 22
23 20 22
23 20 22
23 20 22
23 20 22
23 20 22
23 20 22
23 20 22
23 20 22
23 20 22
23 20 22
23 20 22
23 20 22
23 20 22
23 20 24
23 20 22
23 20 22
23 20 22
23 20 22
23 20 23
23 20 22
23 20 22
23 20 22
23 20 22
23 20 24
23 20 22
23 20 22
23 20 22
23 20 22
23 20 24
23 20 22
23 20 23
23 20 22
23 20 22
23 20 22
23 20 22
23 20 22
23 20 22
23 20 22
23 20 22
23 20 22
23 20 22
23 20 22
23 20 22
23 20 23
23 20 22
23 20 22
23 20 22
23 20 22
23 20 25
23 20 22
23 20 22
23 20 22
23 20 22
23 20 23
23 20 22
23 20 22
23 20 22
23 20 22
23 20 22
23 20 22
23 20 22
23 20 22
23 20 22
23 20 25
23 20 22
23 20 22
23 20 22
23 20 22
23 20 22
23 20 22
23 20 22
23 20 22
23 20 22
23 20 23
23 20 22
23 20 22
23 20 22
23 20 22
23 20 24
23 20 22
23 20 22
23 20 22
23 20 22
23 20 22
23 20 22
23 22 22
23 20 22
23 20 22
23 20 22
23 20 22
23 20 22
23 20 22
23 20 22
23 20 23
23 20 22
23 20 22
23 20 22
23 20 22
23 20 24
23 20 22
23 20 22
23 20 22
23 20 22
23 20 24
23 20 22
23 20 22
