42 0 41
42 38 40
42 38 40
42 38 40
43 38 40
42 38 40
42 38 41
43 38 40
43 38 40
43 38 41
42 38 41
42 38 40
42 38 41
42 38 40
42 38 41
43 38 40
43 38 42
43 38 40
43 38 41
43 38 40
43 38 41
43 37 41
43 37 42
43 37 41
43 37 42
42 38 40
43 37 41
43 37 42
42 39 40
43 37 41
43 37 41
43 39 40
43 39 40
43 39 40
43 37 42
43 37 41
43 37 41
43 37 41
43 37 41
43 37 41
43 37 42
43 37 42
43 37 41
43 37 42
43 37 41
43 37 40
43 39 40
43 38 40
43 37 41
43 37 42
43 38 41
43 38 40
43 38 41
43 37 41
43 38 41
43 38 40
43 38 40
43 37 40
43 38 41
43 38 40
43 38 41
43 37 41
43 38 41
43 38 40
43 38 40
43 38 40
43 37 41
43 37 40
43 37 40
43 37 41
43 37 41
43 38 41
43 38 40
43 37 41
43 37 42
43 38 40
43 39 42
43 37 42
43 38 40
43 38 41
43 38 41
43 38 41
43 38 42
43 38 40
43 38 42
43 38 41
43 39 41
43 38 40
43 38 42
43 39 40
43 38 41
43 38 40
43 38 40
43 38 40
43 38 41
43 37 41
43 39 40
43 38 40
43 38 40
43 38 40
43 38 40
43 38 41
43 39 40
43 38 40
43 38 41
43 38 40
43 38 40
43 38 40
42 38 40
43 38 40
42 38 40
42 38 41
42 38 40
42 38 41
42 38 40
43 38 41
42 38 40
43 38 40
43 38 40
42 38 40
42 38 41
42 37 41
42 38 40
42 38 40
42 38 41
42 38 40
42 38 40
42 38 41
42 38 40
42 38 41
42 38 40
42 38 40
42 38 40
43 38 41
43 38 40
43 38 41
43 38 40
43 38 40
43 38 41
43 38 40
43 38 40
43 38 40
43 38 41
43 38 40
42 38 41
42 38 40
43 38 41
43 38 41
43 38 41
43 38 41
43 38 41
43 38 40
42 38 40
43 38 40
42 38 41
42 38 41
43 38 41
42 38 41
43 38 40
43 38 40
43 38 41
43 38 40
43 38 41
43 38 40
43 38 41
43 38 40
43 38 41
43 38 40
42 38 40
43 38 41
43 38 41
43 38 40
43 38 41
43 38 40
43 38 41
43 38 40
43 38 41
43 38 40
43 38 41
42 38 41
42 38 41
42 38 41
42 38 41
42 38 41
43 38 41
43 37 42
42 38 41
42 38 41
43 37 41
43 38 40
43 38 40
43 38 40
43 38 40
43 38 40
43 38 41
42 38 40
42 38 41
42 38 41
42 38 40
42 38 40
43 38 40
42 38 40
43 38 40
43 38 40
43 39 41
43 38 40
43 38 40
42 38 41
43 38 40
42 38 40
43 38 40
43 38 40
42 38 40
43 38 40
43 38 40
42 38 41
42 38 41
42 38 40
42 38 40
42 38 41
42 38 40
42 38 40
43 38 40
42 38 40
43 38 40
43 38 40
43 38 40
42 38 40
43 38 40
42 37 41
42 38 41
43 38 40
42 38 41
43 38 40
42 38 41
42 38 41
43 38 41
43 38 40
43 38 41
43 38 40
43 38 40
42 38 40
42 38 41
43 38 41
43 38 41
43 38 40
43 38 40
43 38 40
43 38 41
43 38 41
43 38 40
43 38 40
43 38 40
43 38 41
43 37 41
43 38 40
43 38 40
43 38 40
43 38 40
43 38 40
43 38 41
43 38 40
43 38 41
43 38 40
43 38 40
43 38 40
43 38 41
43 38 41
43 38 41
43 38 41
43 38 41
43 38 40
43 38 40
43 38 41
43 38 40
43 38 40
43 38 41
43 38 41
43 38 41
43 38 41
43 38 40
43 37 42
43 38 40
43 38 40
43 38 41
43 38 41
43 38 40
42 38 40
42 38 40
43 38 41
42 38 40
43 38 40
43 38 40
43 38 40
43 38 41
43 38 40
43 38 40
43 38 40
42 38 41
42 38 41
43 38 41
43 38 41
42 38 40
43 38 40
43 38 40
43 38 40
43 38 40
43 38 41
43 38 40
43 38 41
43 39 41
43 38 40
43 38 40
43 38 41
43 38 41
43 38 42
42 38 41
43 39 42
43 39 41
43 37 42
43 38 40
43 38 40
43 38 41
43 37 41
43 37 41
43 38 41
43 37 40
43 37 41
43 38 41
43 37 40
43 37 41
43 38 41
43 38 41
43 38 40
43 38 40
43 38 40
43 39 41
43 37 41
43 38 40
43 37 41
43 37 42
43 38 41
43 38 40
43 38 41
43 37 41
43 38 40
43 38 41
43 38 40
43 38 40
43 38 41
43 38 41
43 38 40
43 38 40
43 38 40
43 39 41
43 38 41
43 38 40
43 38 40
43 38 40
43 38 41
43 38 40
43 38 40
43 38 40
43 38 40
43 38 40
43 38 40
43 38 40
43 38 41
43 38 40
43 38 40
43 38 40
43 38 41
43 38 41
43 37 41
43 38 40
43 38 41
43 38 40
43 38 40
