53 0 79
79 42 79
79 42 78
79 43 79
79 43 78
79 43 78
79 43 79
79 43 79
79 43 79
79 43 78
79 43 79
79 43 79
79 43 78
79 43 78
79 43 79
79 43 78
79 43 78
79 42 78
79 43 78
79 43 78
79 43 78
79 43 79
79 43 79
79 43 78
79 43 78
79 43 78
79 43 79
79 43 78
79 43 78
79 43 78
79 41 78
79 43 78
79 43 78
79 43 78
79 43 79
79 43 79
79 43 79
79 43 78
79 43 79
79 43 78
79 43 78
79 43 78
79 43 78
79 43 78
79 43 78
79 43 79
79 42 79
79 43 78
79 43 78
79 43 78
79 43 78
79 43 78
79 43 78
79 43 78
79 41 78
79 42 78
80 42 78
79 42 79
79 43 79
79 43 80
79 43 78
79 41 78
80 41 78
79 41 78
79 43 78
79 43 80
80 41 79
79 42 78
79 41 78
79 43 78
79 43 79
79 43 78
79 42 78
79 43 78
79 42 78
79 42 78
79 43 78
79 43 78
79 43 79
79 43 78
79 43 78
79 41 78
79 41 78
79 43 78
79 43 78
79 43 78
79 41 79
79 43 78
79 42 80
79 43 78
79 42 79
79 42 79
79 41 79
79 43 79
79 42 78
79 43 78
79 43 78
79 43 78
79 43 78
79 43 78
79 43 78
79 42 78
79 43 78
79 43 78
79 43 79
79 43 79
79 41 78
79 43 79
79 43 78
79 43 79
79 43 78
79 43 78
79 43 79
79 42 78
79 42 78
79 42 78
79 43 79
79 42 79
79 43 79
79 41 78
79 43 79
79 42 78
79 42 78
79 43 78
79 41 78
80 41 78
79 42 79
79 42 78
79 43 79
79 43 78
79 43 78
79 42 78
79 43 79
79 42 78
79 43 79
79 42 78
79 43 78
79 43 78
79 41 78
79 43 79
79 43 78
79 41 78
79 43 78
79 42 79
79 42 78
79 43 78
79 43 78
79 43 78
79 43 79
79 43 79
79 43 79
79 43 78
79 43 78
79 42 78
79 42 78
79 43 79
79 43 78
79 43 78
79 43 78
79 43 78
79 43 79
79 43 78
79 43 78
79 43 79
79 43 78
79 43 78
79 42 78
79 43 79
80 42 78
79 42 78
80 41 78
79 41 78
79 41 79
80 42 80
79 41 78
80 41 78
79 42 78
80 41 79
79 43 78
79 43 78
79 42 78
79 43 79
80 41 78
79 41 78
80 41 78
79 41 78
79 41 78
80 41 80
79 43 78
80 41 79
79 41 78
79 41 78
80 41 79
79 43 79
79 43 78
79 41 78
79 41 78
79 43 79
79 41 78
80 41 79
79 43 78
79 43 78
79 43 78
79 43 78
79 42 78
79 43 79
79 43 78
79 43 78
79 43 79
79 43 78
79 43 78
79 43 78
80 41 78
79 43 78
80 43 79
79 41 78
79 43 78
79 42 79
79 43 79
79 43 78
79 41 78
80 41 78
79 43 78
80 41 78
79 43 78
79 43 78
80 41 78
79 43 79
79 43 78
79 43 78
80 41 78
79 41 79
79 41 78
80 41 79
79 43 78
79 43 78
79 43 79
80 41 78
79 43 78
80 41 78
79 41 78
79 42 78
79 43 79
79 43 78
79 43 78
79 43 78
80 41 79
79 43 79
80 41 79
79 43 78
80 41 79
79 43 78
79 43 78
79 43 78
79 43 78
80 42 78
79 43 79
79 43 79
79 43 78
79 43 79
79 43 78
79 42 78
79 43 78
79 43 79
79 43 78
79 43 79
79 43 78
79 42 79
79 42 79
79 43 79
79 43 79
79 43 79
79 43 78
79 43 78
79 43 79
79 43 78
79 43 78
79 43 79
79 43 79
79 43 79
79 43 79
79 43 79
79 43 79
79 43 78
79 43 78
79 43 78
79 43 78
79 43 80
79 43 78
79 42 79
79 43 79
79 42 78
79 43 79
79 43 78
79 43 78
79 43 78
79 43 78
79 43 78
79 43 79
79 43 78
79 43 78
79 43 78
79 41 79
79 43 78
79 43 79
79 43 78
79 43 79
79 43 78
79 43 78
79 43 78
79 43 78
79 43 78
79 42 78
79 43 78
79 43 78
79 43 78
79 43 78
80 41 79
79 43 78
79 43 78
79 42 78
79 43 78
79 43 79
80 41 78
79 42 78
79 43 78
79 43 78
79 43 78
79 43 79
79 43 78
79 43 78
79 43 79
79 43 78
79 43 78
79 43 78
79 43 78
79 43 78
79 43 78
79 42 78
79 41 78
79 43 79
79 43 78
79 43 78
79 43 79
79 43 78
79 43 78
79 43 78
79 42 78
79 43 79
79 42 78
79 43 79
79 43 78
79 43 78
79 43 78
79 43 79
79 43 78
79 43 78
79 43 78
79 41 78
79 43 78
79 43 79
79 43 78
79 43 78
79 43 78
79 43 78
79 43 78
79 43 78
79 43 79
79 43 78
79 43 79
79 43 78
79 42 79
79 43 78
79 43 78
79 43 78
79 43 79
79 43 78
79 43 78
79 43 78
79 43 79
79 43 79
79 43 79
79 43 79
79 43 78
79 43 78
79 43 79
79 42 78
79 42 78
79 43 79
79 43 79
79 43 78
79 43 78
79 43 78
79 43 79
79 43 78
79 41 78
79 41 79
79 43 78
79 43 78
79 43 78
79 41 79
79 43 78
79 43 78
79 43 79
79 43 78
79 43 78
79 42 78
79 43 78
79 43 78
79 43 78
79 43 78
79 43 78
79 43 79
79 43 78
79 43 78
79 43 78
79 42 78
79 42 79
79 42 78
79 42 78
79 43 78
79 43 78
79 43 79
79 43 78
79 42 79
79 41 78
80 41 78
79 43 78
80 41 78
79 43 78
79 41 78
80 41 78
79 41 79
80 41 78
79 41 78
79 41 78
79 43 78
79 42 78
79 42 78
79 42 78
79 42 78
79 42 78
79 41 78
79 42 78
79 43 78
79 41 79
80 41 78
79 41 78
80 42 78
80 42 79
79 42 78
80 41 78
79 41 78
79 42 79
79 42 78
79 41 78
80 42 79
79 41 78
80 41 79
79 41 79
79 41 78
80 41 78
79 41 79
80 41 78
79 41 79
79 41 79
80 41 78
79 41 78
80 41 79
79 41 78
79 41 78
80 41 78
79 41 78
79 42 79
79 42 78
79 42 78
79 42 78
79 42 79
79 42 78
79 42 78
79 42 78
79 42 78
79 41 78
79 41 78
79 42 78
79 41 78
79 41 78
79 41 78
79 41 78
80 42 78
79 41 78
79 43 78
79 42 79
79 41 79
79 42 79
79 42 78
79 43 78
79 42 78
79 42 78
79 42 78
79 42 78
80 42 78
79 41 79
80 41 78
80 42 79
79 41 79
80 42 79
79 41 78
80 41 78
79 41 78
79 41 79
80 42 78
79 41 78
80 41 79
79 41 78
