50 0 74
74 72 70
74 72 71
74 72 71
74 43 75
74 43 76
74 72 71
74 72 70
74 72 71
74 72 70
74 72 70
74 72 70
74 72 70
74 72 70
74 72 71
74 72 71
74 72 70
74 72 71
74 72 70
74 72 71
74 72 70
75 72 70
74 72 70
74 44 75
74 44 75
74 43 75
74 43 75
74 72 71
74 72 70
74 72 69
74 72 70
74 72 70
74 72 70
74 44 75
74 44 75
74 72 70
74 72 69
74 72 70
74 72 71
74 44 76
74 72 71
74 72 71
74 72 70
74 72 69
74 72 70
74 72 70
74 72 70
74 72 71
74 72 71
74 43 75
74 44 75
74 72 70
74 72 70
74 44 74
74 72 71
75 72 70
74 72 71
74 72 70
74 44 74
74 72 70
74 44 76
74 72 70
74 72 70
74 72 70
74 72 70
74 72 70
74 72 70
74 72 71
74 72 70
74 72 70
74 72 71
74 44 75
74 44 76
74 44 75
74 44 75
74 72 70
74 72 71
74 72 71
74 72 70
74 72 70
74 72 70
74 72 70
74 72 71
74 72 70
74 72 70
74 72 70
74 72 70
74 72 71
74 72 70
74 72 71
74 72 70
74 72 71
74 72 71
74 72 70
74 43 76
74 43 76
74 72 70
74 72 71
74 72 70
74 72 70
74 72 71
74 72 70
74 72 70
74 72 71
74 72 70
74 72 70
74 72 71
74 72 70
74 72 71
74 72 70
74 72 71
74 72 70
74 72 71
74 72 70
74 72 70
74 72 71
74 72 71
74 72 70
74 72 70
74 72 70
74 72 70
74 72 71
74 72 70
74 72 70
74 72 70
74 72 71
74 72 70
74 72 70
74 72 71
74 72 70
74 72 71
74 72 70
74 72 70
74 72 70
74 72 70
74 72 70
74 72 70
74 72 70
74 72 70
74 72 71
74 72 71
74 72 70
74 72 70
74 72 70
74 72 70
74 72 70
74 72 70
74 72 70
74 72 70
74 43 75
74 72 70
74 72 70
74 72 70
74 72 71
74 72 70
74 72 71
74 72 71
74 72 71
74 72 70
74 72 70
74 72 70
74 72 71
74 72 70
74 72 71
74 72 71
74 72 70
74 72 70
74 72 70
74 72 71
74 72 70
74 72 70
74 72 69
74 72 70
74 72 70
74 72 70
74 72 70
74 72 70
74 72 70
74 72 70
74 72 70
74 72 71
74 72 70
74 72 70
74 44 75
74 72 69
74 44 75
74 72 71
74 72 70
74 72 70
74 72 70
74 72 70
74 72 71
74 72 71
74 72 69
74 72 70
74 72 70
74 72 70
74 72 70
74 72 71
74 72 71
74 72 70
74 72 69
74 72 70
74 72 70
74 72 70
74 42 76
74 72 70
74 72 70
74 72 69
74 72 70
74 72 70
74 72 70
74 72 70
74 72 69
74 72 70
74 72 70
74 72 70
74 72 70
74 44 75
74 44 76
74 44 75
74 72 70
74 72 70
74 72 70
74 72 71
74 72 70
74 72 70
74 72 71
74 72 70
74 42 77
74 43 75
74 72 70
74 72 70
74 72 70
74 72 71
74 72 69
74 72 70
75 72 70
74 72 70
75 72 69
74 72 70
74 72 71
74 72 70
74 72 70
74 72 69
75 72 71
74 72 71
75 72 70
74 44 75
75 72 70
74 44 74
75 72 70
75 72 71
75 72 70
75 72 70
75 72 70
75 72 70
74 43 75
74 72 70
75 72 70
74 72 69
75 43 76
74 72 71
75 72 69
74 72 70
75 72 71
74 72 71
74 72 70
74 72 70
74 72 69
75 72 70
74 43 75
74 43 75
74 43 75
74 44 75
74 72 70
74 43 75
74 43 75
74 43 74
74 44 76
75 72 70
74 43 76
74 72 70
74 72 70
74 72 70
74 72 70
74 44 75
74 43 75
74 43 75
74 43 75
74 43 76
74 43 75
74 43 75
74 43 75
74 72 69
74 72 70
74 72 70
74 43 75
75 72 70
74 43 75
74 43 75
75 43 75
75 72 71
74 43 76
75 72 70
74 43 74
74 43 75
74 43 76
74 43 75
75 72 71
75 72 70
74 72 71
74 43 75
75 72 70
74 72 71
75 72 70
75 43 75
75 43 75
75 72 71
75 43 76
75 72 70
75 43 75
74 42 76
74 42 75
74 43 75
75 72 71
74 43 75
75 72 70
75 72 70
75 72 71
75 72 70
75 72 70
75 72 70
74 42 75
74 42 75
75 43 75
75 72 71
75 72 70
75 72 69
75 72 69
74 72 71
74 43 75
75 72 70
75 71 71
74 43 76
75 72 70
75 42 76
74 72 70
75 72 71
74 71 71
