60 0 60
59 27 60
59 26 61
59 26 60
59 27 60
59 27 59
59 26 26
59 26 60
59 28 61
59 26 26
59 26 60
59 26 26
59 26 60
59 26 59
59 26 60
59 27 60
59 27 59
59 26 60
59 27 60
59 28 59
59 27 59
59 26 60
59 27 60
59 26 60
59 28 60
59 26 60
59 27 60
59 28 60
59 28 59
59 29 60
59 28 60
59 27 61
59 57 56
59 27 60
59 26 60
59 27 61
59 27 60
59 57 56
59 28 60
59 27 60
59 28 60
59 26 60
59 57 56
59 27 60
60 57 56
59 27 60
59 28 60
59 27 60
59 27 60
59 26 60
59 26 27
59 27 60
59 26 60
59 29 61
60 27 60
59 27 60
59 29 60
59 57 55
59 28 60
59 57 56
59 27 60
59 29 60
59 29 60
59 57 55
59 28 61
59 27 60
59 57 57
59 26 60
59 27 60
59 25 60
59 26 61
59 27 60
59 26 60
59 29 60
59 27 60
59 27 60
59 27 60
59 28 60
59 26 60
59 27 60
59 25 60
59 29 60
59 27 60
59 27 61
60 27 60
59 57 56
59 26 60
59 28 60
59 28 60
59 57 55
59 28 60
59 26 27
59 27 60
59 26 60
59 29 60
59 27 60
59 27 60
59 27 60
59 27 60
59 26 61
59 27 60
59 26 61
59 26 60
59 27 60
59 27 60
59 28 60
59 27 60
59 27 61
59 26 60
59 27 60
59 26 60
59 27 60
60 25 60
59 57 55
59 57 55
59 57 56
59 57 56
59 29 60
59 57 55
59 57 56
59 57 55
59 57 56
59 57 55
59 27 60
59 29 60
59 57 56
59 57 56
59 28 60
59 57 56
59 29 61
59 29 60
59 28 60
59 27 60
59 27 60
59 29 60
59 57 56
59 28 60
59 27 60
59 29 60
59 27 60
59 57 56
59 29 60
59 29 60
59 57 56
59 29 60
59 29 60
59 29 61
59 29 60
59 29 60
59 29 60
59 29 60
59 56 56
59 26 60
59 56 56
59 29 60
59 29 60
59 26 60
59 29 60
59 26 60
59 29 60
59 26 60
59 29 60
59 57 56
59 57 56
59 26 27
59 29 60
59 26 61
59 25 27
59 29 60
59 26 60
59 26 60
59 26 61
59 26 60
59 57 56
59 26 60
59 26 60
59 26 60
59 26 61
59 26 60
59 26 60
59 26 60
59 57 56
59 57 55
59 26 60
59 26 60
59 26 60
59 26 61
59 26 60
59 26 60
59 29 61
59 26 60
59 26 60
59 26 60
59 26 60
59 26 60
59 26 60
59 26 61
59 26 60
59 26 61
59 26 61
59 26 60
59 26 61
59 27 60
59 29 60
59 57 56
59 26 60
59 26 27
59 57 56
59 57 56
59 26 27
59 29 60
59 26 61
59 29 60
59 26 60
59 26 27
59 29 60
59 29 61
59 57 55
59 29 60
59 29 60
59 29 60
59 29 60
59 26 27
59 29 60
59 29 60
59 29 60
59 29 60
59 29 60
59 29 61
59 29 60
59 29 61
59 29 60
59 29 60
59 29 60
59 27 60
59 29 61
59 29 60
59 29 60
59 29 60
59 57 56
59 29 60
59 29 60
59 29 60
59 29 60
59 57 56
59 29 60
59 29 60
59 29 60
59 26 27
59 25 60
59 29 60
59 25 28
59 29 60
59 28 61
59 29 60
59 28 60
59 29 60
59 26 27
59 29 60
59 28 60
59 28 60
59 28 61
59 27 60
59 29 61
59 29 60
59 29 60
59 29 60
59 29 61
59 57 56
59 56 56
59 27 60
59 28 60
59 27 60
59 28 60
59 27 60
59 56 57
59 28 60
59 27 60
59 27 60
59 28 60
59 27 60
59 28 60
59 27 60
59 27 60
59 27 60
59 29 60
59 28 61
59 28 60
59 29 60
59 27 60
59 28 61
59 28 60
59 28 60
59 28 61
59 27 60
59 28 60
59 28 60
59 27 60
59 28 60
59 27 60
59 28 60
59 27 60
59 29 60
59 29 60
59 29 61
59 29 60
59 28 61
59 27 60
59 27 60
59 26 26
59 29 60
59 29 61
59 29 60
59 29 60
59 29 60
59 27 60
59 29 60
59 29 60
59 28 60
59 29 60
59 56 57
59 27 60
59 29 60
59 27 61
59 26 26
59 27 60
59 27 61
59 28 60
59 28 60
59 27 60
59 27 60
59 26 27
59 28 60
59 28 60
59 29 60
59 27 60
59 29 60
59 28 60
59 29 61
59 28 60
59 27 61
59 27 60
59 27 60
59 27 60
59 27 60
59 29 60
59 28 60
59 26 60
59 27 60
59 27 60
59 27 60
59 29 60
59 28 60
59 28 60
59 28 60
59 28 60
59 27 60
59 27 61
59 26 60
59 27 61
59 29 60
59 27 61
59 28 60
59 29 61
59 27 60
59 28 60
59 28 61
59 28 60
59 26 26
59 28 60
59 27 60
59 26 27
59 28 60
59 27 61
59 28 60
59 28 60
59 27 61
59 28 60
59 29 60
59 27 60
