53 0 78
79 41 78
79 41 78
79 41 78
79 41 78
79 42 78
79 42 78
79 42 79
79 42 78
79 42 78
79 43 79
79 41 79
79 43 78
79 41 79
79 43 78
79 41 78
79 43 78
79 43 78
79 41 11
79 43 11
79 16 11
79 43 10
79 41 10
79 42 9
79 42 10
79 41 10
79 41 10
79 43 10
79 41 10
79 42 10
79 43 9
79 43 9
79 41 9
79 41 9
79 43 9
79 43 8
79 43 9
79 43 9
80 42 8
79 43 9
79 43 11
79 43 78
79 41 79
79 43 78
79 43 79
79 43 78
79 42 79
79 41 77
79 42 79
79 42 78
79 42 78
79 42 79
79 41 79
19 76 75
17 76 74
80 42 78
18 76 75
20 76 76
21 76 75
21 76 76
21 76 75
18 76 74
20 76 74
21 76 74
18 76 75
19 76 75
19 76 75
22 76 75
19 76 74
17 76 75
17 76 75
17 76 75
17 76 76
17 76 75
17 76 76
18 76 75
17 67 78
18 76 75
17 69 80
17 67 79
18 29 41
19 75 75
17 76 75
17 76 75
17 62 79
16 75 74
79 43 78
79 41 78
79 43 78
79 43 78
79 43 79
79 43 79
79 43 79
79 43 78
79 43 78
79 43 79
79 43 79
79 42 78
79 43 78
79 42 79
79 43 78
79 42 78
79 43 79
79 41 79
79 41 79
79 42 78
79 43 78
79 42 78
80 43 78
79 42 78
79 42 79
79 41 78
79 43 78
79 42 78
79 43 79
79 41 79
79 43 78
79 43 78
79 41 79
79 41 79
79 41 78
79 41 78
79 43 78
79 43 78
79 43 78
79 43 78
79 42 78
79 43 78
79 43 78
79 42 79
79 43 78
79 42 79
79 43 79
80 43 78
79 43 78
79 41 78
79 41 78
80 41 79
