42 0 41
42 38 42
43 38 40
43 38 42
42 38 42
42 38 42
42 38 41
42 38 40
42 38 40
41 38 40
42 38 40
42 38 40
42 38 40
43 38 40
42 38 40
43 38 41
43 38 40
43 38 41
43 38 41
43 38 41
43 38 40
43 38 41
43 38 41
43 38 41
43 38 40
43 38 40
42 38 40
42 38 40
42 38 40
43 38 42
42 38 41
43 38 42
43 38 42
43 38 42
43 38 40
43 38 42
42 38 41
43 38 40
42 38 40
43 38 40
43 38 40
42 38 40
43 38 40
43 38 40
43 38 40
43 38 40
42 38 40
43 38 41
43 38 42
43 38 42
43 38 40
43 38 42
43 38 41
43 38 41
43 38 41
43 38 41
43 38 42
43 38 40
43 38 40
43 38 40
43 38 40
43 38 41
43 38 40
43 38 41
43 38 40
43 38 40
43 38 40
43 38 40
43 38 41
43 38 40
43 38 40
43 38 40
43 38 41
43 38 41
43 38 41
43 38 42
43 38 42
43 38 40
43 38 41
43 38 42
43 38 41
43 38 41
43 38 41
43 38 41
43 38 42
43 38 41
43 38 41
43 38 42
43 38 40
43 38 40
43 38 40
42 38 40
43 38 40
43 38 40
42 38 40
43 38 40
43 38 40
43 38 40
43 38 40
43 38 40
43 38 42
43 38 42
43 38 40
43 38 42
43 38 42
42 38 41
42 38 40
42 38 40
42 38 40
43 38 40
43 38 40
42 38 40
43 38 41
42 38 40
42 38 41
42 38 41
42 38 40
42 38 40
43 38 40
42 38 40
42 38 40
43 38 40
42 38 40
42 38 40
42 38 41
43 38 42
42 38 42
43 38 40
42 38 40
43 38 40
42 38 40
43 38 40
42 38 40
42 38 40
43 38 40
42 38 40
42 38 41
42 38 40
43 38 40
42 38 41
42 38 40
42 38 40
42 38 41
42 38 40
42 38 40
42 38 41
42 38 42
42 38 40
42 38 40
42 38 40
42 38 40
42 38 40
42 38 41
42 38 40
43 38 40
43 38 41
43 38 41
42 38 40
42 38 40
43 38 40
42 38 40
42 38 40
42 38 40
43 38 41
43 38 40
42 38 42
43 38 42
42 38 41
42 38 40
43 38 41
43 38 41
43 38 40
42 38 40
42 38 41
42 38 40
42 38 40
42 38 40
42 38 41
42 38 40
42 38 40
42 38 40
42 38 40
42 38 40
42 38 40
42 38 40
42 38 40
42 38 40
42 38 41
42 38 40
42 38 41
42 38 40
42 38 40
42 38 40
42 38 40
42 38 40
43 38 40
42 38 40
42 38 40
42 38 40
42 38 40
42 38 40
42 38 40
42 38 40
42 38 41
43 38 41
43 38 41
42 38 40
42 38 41
42 38 40
42 38 40
42 38 42
42 38 42
42 38 41
42 38 40
43 38 40
43 38 40
42 38 40
42 38 41
42 38 40
43 38 41
42 38 40
42 38 41
42 38 40
42 38 40
42 38 40
42 38 40
42 38 40
42 38 40
42 38 40
42 38 40
42 38 42
42 38 40
42 38 41
42 38 41
42 38 41
42 38 40
42 38 40
42 38 40
42 38 40
42 38 40
42 38 41
42 38 40
42 38 40
42 38 40
42 38 40
43 38 40
42 38 40
42 38 41
42 38 41
42 38 40
42 38 40
43 38 40
42 38 40
42 38 40
42 38 40
42 38 40
42 38 40
42 38 40
42 38 40
42 38 41
42 38 41
43 38 40
42 38 40
42 38 40
43 38 40
43 38 40
42 38 41
42 38 41
42 38 40
43 38 40
42 38 40
42 38 40
42 38 40
42 38 40
42 38 40
43 38 40
43 38 40
43 38 40
43 38 40
42 38 40
43 38 40
43 38 40
42 38 41
42 38 40
43 38 41
42 38 42
42 38 42
42 38 41
42 38 40
42 38 41
42 38 40
42 38 41
42 38 40
42 38 40
42 38 40
42 38 40
42 38 42
42 38 40
42 38 40
42 38 41
42 38 40
43 38 40
42 38 41
42 38 40
42 38 40
42 38 42
42 38 40
42 38 41
42 38 41
42 38 40
42 38 40
42 38 40
42 38 40
42 38 40
42 38 41
42 38 41
42 38 40
42 38 40
42 38 41
42 38 41
42 38 40
42 38 40
42 38 41
42 38 41
42 38 40
42 38 40
43 38 40
42 38 41
42 38 40
42 38 40
42 38 41
42 38 41
42 38 40
42 38 40
42 38 40
42 38 41
42 38 40
42 38 40
42 38 40
42 38 40
42 38 41
42 38 41
42 38 40
42 38 41
42 38 40
42 38 40
42 38 40
42 38 40
42 38 40
42 38 41
42 38 41
42 38 40
42 38 40
42 38 41
42 38 40
42 38 40
42 38 41
42 38 40
42 38 40
42 38 41
42 38 40
43 38 40
42 38 41
43 38 41
42 38 40
42 38 40
43 38 40
42 38 40
42 38 41
42 38 40
42 38 41
42 38 40
42 38 40
42 38 40
42 38 40
42 38 40
42 38 40
42 38 41
42 38 40
42 38 40
42 38 40
42 38 39
42 38 41
42 38 40
42 38 40
