50 0 77
76 41 77
76 40 76
76 40 78
76 40 77
76 40 76
76 40 77
76 40 76
76 40 77
76 40 77
76 42 77
76 41 77
76 41 77
76 42 76
76 40 76
76 40 76
76 41 77
76 40 76
76 41 77
76 41 77
76 40 77
76 40 77
76 40 78
76 40 76
76 40 78
76 40 77
76 41 76
76 40 76
76 40 76
76 40 77
76 41 76
76 40 76
76 40 78
76 40 77
76 40 77
76 42 77
76 42 77
76 42 77
76 41 77
76 42 76
76 40 77
76 41 78
76 41 77
76 41 77
76 40 77
76 40 77
76 42 78
76 40 78
76 41 77
76 40 77
76 40 79
76 40 77
76 40 77
76 42 76
76 40 77
76 40 78
76 40 76
76 40 77
76 40 77
76 40 76
76 40 77
76 40 77
76 40 77
76 40 76
76 40 77
76 40 77
76 41 78
76 40 77
76 42 77
76 40 77
76 42 77
76 40 78
76 40 78
76 40 77
76 42 77
76 42 77
76 41 77
76 40 77
76 42 76
76 41 76
76 41 77
76 40 77
76 42 76
76 40 78
76 40 77
76 41 77
76 41 77
76 40 76
76 40 76
76 41 76
76 40 77
76 42 77
76 41 76
76 41 77
76 42 76
76 41 76
76 40 77
76 41 78
76 40 77
76 41 78
76 40 76
76 40 76
76 42 76
76 41 77
76 42 76
76 41 76
76 41 77
76 41 76
76 42 76
76 40 76
76 40 78
76 41 77
76 41 77
76 42 76
76 41 76
76 42 77
76 40 77
76 40 77
76 41 77
76 41 77
76 40 78
76 40 77
76 41 77
76 40 78
76 40 76
76 40 77
76 40 76
76 40 76
76 40 77
76 40 76
76 40 76
76 41 78
76 40 76
76 41 77
76 41 78
76 40 76
76 42 76
76 41 78
76 40 77
76 40 76
76 40 78
76 40 76
76 40 76
76 40 76
76 40 78
76 40 78
76 40 76
76 40 77
76 40 77
76 41 76
76 41 76
76 40 76
76 40 77
76 40 77
76 40 78
76 40 77
76 41 76
76 40 76
76 40 76
76 40 77
76 40 77
76 40 78
76 41 78
76 40 77
76 40 76
76 40 76
76 41 78
76 40 77
76 41 77
76 42 76
76 41 76
76 42 77
76 41 76
76 41 76
76 40 76
76 40 76
76 42 77
76 40 77
76 41 77
76 40 76
76 40 77
76 40 78
76 41 77
76 40 76
76 40 76
76 40 78
76 40 76
76 42 76
76 40 76
76 42 76
76 40 77
76 40 77
76 40 76
76 40 76
76 40 76
76 40 76
76 40 76
76 40 77
76 40 77
76 40 77
76 40 77
76 42 76
76 42 77
76 40 77
76 40 78
76 41 76
76 42 78
76 40 76
76 40 77
76 40 77
76 40 78
76 40 76
76 40 76
76 42 77
76 40 77
76 40 76
76 40 77
76 40 76
76 42 76
76 40 77
76 40 76
76 40 76
76 40 77
76 41 77
76 40 77
76 40 78
76 40 77
76 40 77
76 40 77
76 40 76
76 40 77
76 40 77
76 40 78
76 40 77
76 40 76
76 40 77
76 42 77
76 40 77
76 40 78
76 40 77
76 40 77
76 40 76
76 40 77
76 40 77
76 40 77
76 40 77
76 40 76
76 40 77
76 40 76
76 40 76
76 40 76
76 40 76
76 40 77
76 40 77
76 41 76
76 40 76
76 40 76
76 40 77
76 40 77
76 42 77
76 40 77
76 42 76
76 40 76
76 40 76
76 40 77
76 40 77
76 40 76
76 40 77
76 41 76
76 41 77
76 41 77
76 41 76
76 41 76
76 41 78
76 40 76
76 40 78
76 40 76
76 40 76
76 40 78
76 40 76
76 40 77
76 40 76
76 40 76
76 40 77
76 41 76
76 40 76
76 40 78
76 40 76
76 40 76
76 40 76
76 41 77
76 40 76
76 40 77
76 40 76
76 40 77
76 41 76
76 40 78
76 40 76
76 42 77
76 42 77
76 40 76
76 40 76
76 41 76
76 42 78
76 40 77
76 41 76
76 42 77
76 40 78
76 41 76
76 42 78
76 41 77
76 41 76
76 41 77
76 40 76
76 42 76
76 40 77
76 40 77
76 40 77
76 40 78
76 40 77
76 40 76
76 40 78
76 40 77
76 40 78
76 40 77
76 40 77
76 40 76
76 40 76
76 40 77
76 40 76
