36 0 58
58 56 59
58 55 58
58 55 58
58 55 59
58 55 60
58 55 59
58 55 58
58 56 59
58 56 59
58 56 59
58 56 59
58 56 57
58 56 59
58 56 60
58 56 59
58 56 59
58 56 59
58 56 59
58 56 59
58 56 59
58 56 59
58 56 59
58 55 59
58 55 59
58 55 59
58 56 59
58 56 57
58 56 59
58 56 59
58 55 59
58 55 58
58 56 59
58 56 60
58 55 59
58 56 60
58 55 59
58 56 60
58 55 57
58 55 58
58 56 58
58 55 58
58 55 58
58 56 59
58 56 59
58 55 59
58 56 59
58 56 59
58 55 59
58 55 59
58 55 59
58 56 59
58 56 59
58 55 58
58 55 59
58 56 60
58 56 59
58 55 59
58 55 59
58 55 59
58 55 60
58 55 59
58 56 59
58 55 59
58 55 59
58 56 58
58 56 59
58 55 59
58 55 59
58 55 58
58 55 59
58 55 59
58 55 59
58 55 58
58 55 59
58 55 59
58 55 59
58 55 59
58 55 59
58 56 58
58 56 59
58 56 59
58 56 59
58 55 59
58 56 59
58 56 59
58 56 59
58 56 59
58 56 60
58 56 60
58 56 59
58 56 59
58 56 59
58 55 59
58 56 60
58 56 57
58 56 59
58 56 59
58 56 59
58 56 59
58 56 59
58 56 59
58 56 57
58 56 59
58 56 59
58 56 59
58 56 59
58 56 59
58 56 59
58 56 59
58 56 60
58 56 59
58 55 59
58 55 59
58 56 59
58 56 59
58 56 60
58 56 57
58 56 59
58 55 59
58 56 59
58 56 59
58 56 59
58 56 59
58 56 58
58 55 58
58 56 59
58 56 59
58 56 59
58 55 58
58 55 59
58 55 59
58 56 59
58 56 60
58 56 59
58 56 60
58 56 59
58 56 59
58 56 57
58 56 60
58 55 59
58 56 59
58 56 59
58 56 59
58 56 58
58 56 58
58 56 58
58 56 60
58 56 59
58 56 59
58 56 59
58 56 59
58 56 59
58 56 59
58 56 59
58 56 59
58 56 59
58 56 59
58 56 59
58 56 60
58 56 58
58 56 59
58 56 59
58 56 58
58 56 59
58 56 59
58 56 59
58 56 59
58 56 60
58 56 59
58 56 59
58 56 59
58 56 59
58 56 59
58 56 60
58 56 59
58 56 57
58 56 59
58 56 59
58 56 59
58 56 59
58 56 59
58 56 60
58 56 59
58 56 59
58 56 59
58 56 59
58 56 59
58 56 59
58 56 59
58 56 60
58 55 59
58 56 59
58 56 59
58 56 59
58 56 59
58 56 59
58 56 59
58 55 59
58 56 60
58 56 59
58 56 59
58 56 60
58 56 59
58 56 59
58 56 59
58 56 59
58 56 59
58 56 58
58 56 59
58 56 59
58 56 59
58 56 59
58 56 59
58 56 59
58 56 59
58 56 59
58 56 60
58 56 59
58 56 59
58 56 59
58 56 58
58 56 59
58 56 59
58 56 59
58 56 60
58 56 59
58 56 60
58 56 59
58 56 59
58 56 59
58 56 59
58 56 59
58 56 59
58 56 60
58 56 59
58 56 60
58 56 59
58 56 59
58 56 59
58 56 59
58 56 58
58 56 59
58 56 59
58 56 59
58 56 60
58 56 59
58 56 59
58 56 59
58 56 59
58 56 60
58 56 59
58 56 59
58 56 59
58 56 59
58 56 59
58 56 59
58 56 58
58 56 59
58 56 59
58 56 59
58 56 60
58 56 59
58 56 59
58 56 59
58 56 60
58 56 58
58 56 59
58 56 59
58 56 59
58 56 59
58 56 59
58 56 59
58 56 58
58 56 60
58 56 59
58 56 59
58 56 59
58 56 59
58 56 59
58 56 59
58 56 58
58 56 59
58 56 59
58 56 59
58 56 59
58 56 59
58 56 59
58 56 59
58 56 58
58 56 60
58 56 59
58 56 59
58 56 59
58 56 58
58 56 60
58 56 59
58 56 59
58 56 59
58 56 59
58 56 59
58 56 59
58 56 59
58 56 59
58 56 60
58 56 59
58 56 59
58 56 60
58 56 59
58 56 59
58 56 59
58 56 59
58 56 59
58 56 58
58 56 60
58 56 59
58 56 60
58 56 60
58 56 59
58 56 59
58 56 59
58 56 59
58 56 59
58 56 59
57 56 59
58 56 59
57 56 59
57 56 60
57 56 59
57 56 58
57 56 59
57 56 59
57 56 59
57 56 59
57 56 59
57 56 59
57 56 59
57 56 59
57 56 60
57 56 59
57 56 59
57 56 59
57 56 59
57 56 59
58 56 59
58 56 59
58 56 59
57 56 59
58 56 59
58 56 59
58 56 59
58 56 59
58 56 59
58 56 59
58 56 59
58 56 59
58 56 59
58 56 59
58 56 59
58 56 59
58 56 59
58 56 59
58 56 60
58 56 59
58 56 59
58 56 59
58 56 58
57 56 59
58 56 59
58 56 59
58 56 59
58 56 59
58 56 58
58 56 59
58 56 59
58 56 60
58 56 59
58 56 59
58 56 59
58 56 59
58 56 60
58 56 59
58 56 58
58 56 59
58 56 58
58 56 59
58 56 59
58 56 59
58 56 59
58 56 59
58 56 59
58 56 59
58 56 59
58 56 60
58 56 59
58 56 59
58 56 59
58 56 59
58 56 59
58 56 59
58 56 59
58 56 59
58 56 59
58 56 60
58 56 59
58 56 59
58 56 57
58 56 59
58 56 59
58 56 59
58 56 59
58 56 59
58 56 59
58 56 60
58 56 59
58 56 59
58 56 59
58 56 59
58 56 59
58 56 59
58 56 59
58 56 59
58 56 59
58 56 60
58 56 59
58 56 59
58 56 59
58 56 59
58 56 59
58 56 58
58 56 59
58 56 59
58 56 59
58 56 59
58 56 59
58 56 59
58 56 59
58 56 59
58 56 59
58 56 59
58 56 60
58 56 59
58 56 59
58 56 60
58 56 59
58 56 59
58 56 59
