46 0 42
46 37 41
46 37 42
46 36 41
45 36 42
46 35 41
46 37 42
45 36 42
48 34 41
56 29 42
57 42 42
61 28 42
60 27 30
59 24 26
60 24 28
67 26 35
61 30 31
60 27 33
59 29 39
59 28 41
59 29 40
59 29 44
61 29 40
60 29 43
61 30 39
37 29 43
37 29 41
37 29 41
61 30 39
62 29 42
60 28 37
58 24 41
59 22 33
61 20 31
57 18 30
56 14 42
56 13 25
55 12 43
55 10 43
55 10 43
55 10 44
54 10 43
53 10 44
54 41 46
53 15 47
53 15 46
53 16 46
53 11 45
52 8 44
53 8 10
53 6 12
53 6 9
52 6 9
52 5 10
52 7 11
53 6 10
53 5 9
53 6 9
52 6 10
53 8 9
53 5 8
53 6 79
53 5 48
53 6 43
53 8 42
54 45 42
54 13 42
55 29 43
56 34 41
57 19 43
57 22 43
56 25 46
57 29 43
57 26 41
58 28 43
59 28 41
59 29 42
59 29 41
59 29 41
59 30 43
59 28 41
58 28 42
58 29 42
59 29 40
59 29 39
59 30 38
60 30 40
60 30 42
60 32 43
39 35 40
60 36 43
61 38 42
47 43 42
56 43 42
57 43 42
60 49 42
56 43 42
62 42 42
56 43 41
56 43 42
56 43 42
56 43 42
56 43 43
56 43 41
61 43 42
61 43 42
62 43 42
42 58 42
43 41 42
37 42 42
37 43 41
39 41 42
39 42 42
38 42 42
38 42 42
38 42 42
39 44 41
39 42 42
39 42 41
38 43 42
38 44 42
39 48 42
62 42 42
41 45 42
39 56 42
39 44 42
39 50 42
39 50 42
38 42 42
39 42 42
39 42 42
56 43 42
55 50 42
38 43 41
39 50 42
59 42 42
60 41 42
57 42 42
61 42 42
57 43 43
60 42 41
60 47 42
56 48 42
56 43 42
62 45 42
60 49 42
60 46 42
60 44 41
56 44 42
61 50 41
61 61 42
62 43 42
61 78 42
61 43 41
62 69 40
60 43 42
59 50 42
60 50 43
61 42 41
32 43 43
36 43 43
41 39 42
56 43 41
61 45 42
60 42 42
60 43 42
58 42 42
60 42 42
62 51 42
62 41 41
62 42 42
62 43 42
62 42 43
62 50 42
62 41 42
62 41 42
62 41 43
62 41 42
62 41 42
62 41 42
62 41 42
62 41 42
62 41 42
63 38 42
62 40 42
62 41 42
62 38 42
62 41 42
62 39 42
62 41 43
62 41 42
62 41 42
62 41 42
62 38 42
62 38 42
62 41 42
62 41 43
62 41 42
63 38 42
62 41 42
62 41 43
62 41 42
62 41 42
62 41 42
62 41 42
62 41 42
62 41 42
62 41 42
62 41 42
62 41 42
62 41 42
62 41 42
62 41 42
62 41 42
62 39 43
62 41 42
62 41 43
62 41 42
62 39 42
62 41 43
62 41 42
62 41 42
62 39 42
62 41 43
62 41 42
62 39 42
62 41 42
62 39 42
62 41 41
62 41 42
62 51 43
62 41 42
62 41 42
62 41 42
62 41 42
62 41 42
62 41 42
62 41 42
62 41 42
62 39 42
62 39 43
62 39 42
62 39 42
62 39 42
62 39 43
62 39 42
62 41 42
62 41 42
62 41 42
62 16 42
62 12 44
62 13 17
62 14 15
62 13 44
62 13 17
62 13 15
62 14 15
62 14 16
62 14 16
62 15 15
62 15 16
62 15 15
62 15 14
62 14 16
62 15 14
62 14 15
62 14 16
62 15 14
62 14 44
62 14 16
62 14 43
61 14 17
62 15 15
22 16 41
22 17 41
22 19 42
24 20 45
28 23 38
29 24 36
29 28 32
30 30 29
32 29 27
33 30 27
34 30 26
36 31 23
36 32 23
36 33 23
36 32 23
35 32 23
36 33 22
37 33 21
36 33 23
36 33 23
36 33 22
36 33 22
36 33 22
36 33 22
37 34 20
38 35 18
41 36 41
62 40 42
62 39 42
62 41 42
62 39 42
49 44 42
49 42 42
51 42 42
62 42 42
63 39 42
63 39 42
56 43 42
56 43 43
62 41 42
57 50 42
58 50 42
62 41 43
61 41 42
61 41 42
61 42 42
61 41 42
61 41 42
61 42 42
63 49 42
63 42 43
61 57 43
61 41 42
63 44 43
61 41 43
62 42 42
62 42 43
62 42 42
62 41 43
62 50 43
62 41 42
62 41 42
62 41 42
62 42 42
62 39 42
62 39 42
62 41 43
62 39 43
62 39 42
62 39 42
62 39 42
62 41 43
62 42 42
62 39 42
62 41 43
62 50 42
62 39 43
62 39 42
62 41 42
62 39 42
62 41 42
62 41 42
62 41 42
62 41 42
62 39 42
62 41 42
62 41 43
62 41 43
62 41 42
62 41 42
62 41 42
62 41 42
62 41 42
62 41 43
62 41 43
62 41 42
62 41 43
62 41 43
62 41 42
62 41 42
62 41 42
62 41 42
62 41 42
62 41 43
62 41 42
62 41 42
62 39 42
62 41 43
62 39 43
62 41 42
62 41 43
62 41 42
62 41 43
62 39 42
62 39 42
62 41 42
62 41 42
62 41 42
62 39 42
62 41 43
62 41 42
62 39 42
62 39 42
62 40 42
62 41 43
62 39 43
62 39 42
62 40 43
62 39 42
62 39 42
62 39 43
62 39 43
62 41 43
62 39 42
62 39 42
62 39 42
62 40 42
62 39 43
62 39 42
62 39 42
62 39 42
62 39 42
62 39 42
62 39 42
62 39 42
62 41 42
62 39 42
62 39 42
62 39 43
62 41 42
62 39 42
62 39 42
62 39 42
62 39 42
62 39 42
62 39 42
62 39 43
62 39 43
62 39 42
62 39 42
62 39 42
62 39 42
62 39 42
62 39 42
62 49 42
62 39 42
62 49 42
62 39 42
62 39 42
62 39 43
62 39 42
62 41 42
62 39 42
62 39 42
62 39 42
62 39 42
62 39 42
62 41 42
62 41 42
62 39 42
62 41 41
62 41 42
62 39 42
62 39 42
62 39 42
62 39 42
62 39 42
62 39 43
62 39 42
62 39 42
62 39 42
62 49 43
62 39 43
62 39 42
62 39 42
62 39 41
62 39 42
62 40 42
62 39 42
62 40 42
62 40 42
62 40 43
62 42 42
62 42 41
62 42 43
62 42 42
62 42 42
62 42 42
62 40 43
62 40 43
62 42 43
62 40 43
62 39 42
62 40 42
62 40 42
62 40 42
62 40 43
62 39 42
62 40 42
62 39 42
62 40 42
62 40 42
62 40 42
62 40 42
62 40 42
62 40 42
62 42 43
62 40 42
62 40 42
62 40 42
62 40 42
62 40 42
62 40 42
62 40 42
62 40 42
62 42 42
62 40 43
62 42 43
62 40 42
62 40 43
62 39 43
62 40 42
62 40 42
62 39 42
62 40 42
62 40 42
62 40 42
62 40 43
62 39 43
62 40 42
62 40 42
62 40 42
62 40 42
62 40 42
62 40 42
62 40 42
62 40 42
62 42 42
62 40 42
62 40 42
62 39 43
62 40 42
62 39 42
62 40 42
62 40 42
62 40 42
62 40 42
62 40 43
62 39 42
62 39 42
62 39 42
62 39 43
62 40 43
62 43 43
62 39 42
62 40 42
62 39 42
62 39 42
62 40 42
62 39 42
62 40 42
62 40 42
62 40 42
62 39 42
62 39 42
62 39 43
62 40 42
62 40 42
62 39 43
62 39 42
62 39 42
62 40 43
62 40 43
62 39 42
62 39 42
62 40 42
62 40 42
62 39 42
62 43 42
62 40 42
62 39 42
62 40 42
62 40 43
62 40 42
62 39 43
62 39 42
62 40 42
62 40 43
62 40 43
62 40 42
62 41 42
62 39 42
62 39 42
62 40 42
62 42 42
62 40 42
62 40 42
62 40 42
62 40 42
62 40 42
62 40 42
62 40 42
62 40 42
62 40 43
62 40 42
62 40 42
62 42 43
62 40 42
62 40 42
62 40 42
62 40 43
62 40 42
62 40 43
62 40 42
62 40 42
62 40 42
62 40 42
62 40 42
62 40 42
62 40 42
62 39 42
62 40 42
62 40 42
62 40 42
62 40 42
62 40 42
62 42 42
62 40 42
62 40 42
62 40 42
62 40 42
62 40 42
62 40 42
62 40 42
62 39 42
62 40 42
62 40 42
62 40 42
62 39 42
62 40 43
62 40 42
62 40 43
62 43 43
62 40 42
62 40 42
62 40 43
62 40 42
62 40 42
62 40 42
62 40 42
62 40 42
62 40 42
62 40 42
62 40 43
62 40 42
62 40 42
62 40 42
62 40 42
62 46 42
62 37 41
61 32 42
32 29 28
33 30 28
30 42 18
64 29 42
61 39 42
42 42 41
35 42 14
62 40 42
62 42 41
45 36 43
26 45 42
62 40 43
62 40 42
62 40 42
62 42 42
62 40 42
62 42 42
62 42 42
62 42 42
62 42 42
62 40 42
62 40 41
62 40 42
62 39 43
62 40 42
62 40 41
62 40 43
62 39 42
62 40 42
62 39 43
62 40 42
62 41 43
62 40 43
62 39 42
62 39 42
62 39 42
62 39 42
62 39 42
62 39 42
62 41 42
62 42 42
62 42 42
62 40 42
62 40 43
62 40 43
62 40 42
62 40 42
62 40 42
62 40 42
62 40 43
62 42 42
62 40 42
62 40 42
62 40 42
62 40 43
62 40 42
62 40 42
62 39 42
