42 0 63
42 37 64
42 37 63
42 37 65
42 37 64
42 37 64
42 37 65
42 37 65
42 37 64
42 37 63
42 37 64
42 37 65
42 37 65
42 37 64
42 37 64
42 37 63
42 37 64
42 37 64
42 36 65
42 36 63
42 36 64
42 36 64
42 37 65
42 37 64
42 37 64
42 37 64
42 36 65
42 37 63
42 37 64
42 37 63
42 37 64
42 37 63
42 37 65
42 37 64
42 37 64
42 37 63
42 37 63
42 37 65
42 37 64
42 37 64
42 37 65
42 37 65
42 37 64
42 37 64
42 37 64
42 37 64
42 36 64
42 37 65
42 37 65
42 37 64
42 37 64
42 37 64
42 37 63
42 37 65
42 37 65
42 37 64
42 37 64
42 37 63
42 37 65
42 36 63
42 37 65
42 37 64
42 37 64
42 37 65
42 37 65
42 37 63
42 37 65
42 37 65
42 37 64
42 36 64
42 37 65
42 37 64
42 37 64
42 37 64
42 37 64
42 37 63
42 37 64
42 37 65
42 37 64
42 38 63
42 37 65
42 37 65
42 37 63
42 37 65
42 37 64
42 37 64
42 37 64
42 37 64
42 37 65
42 37 63
42 37 65
42 37 64
42 37 63
42 37 65
42 37 63
42 37 64
42 37 64
42 37 65
42 37 64
42 37 64
42 37 64
42 37 64
42 37 65
42 38 64
42 37 64
42 37 64
42 37 64
42 37 63
42 37 64
42 37 65
42 37 63
42 37 65
42 37 64
42 37 63
42 37 63
42 36 65
42 38 63
42 37 63
42 37 64
42 37 64
42 37 63
42 37 66
42 37 64
42 37 64
42 37 64
42 37 64
42 37 63
42 37 65
42 37 64
42 38 63
42 37 64
42 37 63
42 37 64
42 37 63
42 37 65
42 37 64
42 37 64
42 37 65
42 37 65
42 37 65
42 37 65
42 37 63
42 37 65
42 37 64
42 37 64
42 37 65
42 37 63
42 37 65
42 37 64
42 37 64
42 37 63
42 37 63
42 37 64
42 37 64
42 38 63
42 37 64
42 37 64
42 37 64
42 37 63
42 37 64
42 37 63
42 38 64
42 37 64
42 37 64
42 37 64
42 37 64
42 37 63
42 37 64
42 37 64
42 37 63
42 37 63
42 37 64
42 37 64
42 37 63
42 37 65
42 37 63
42 37 64
42 37 65
42 37 64
42 37 63
42 37 64
42 37 64
42 37 64
42 37 64
42 37 64
42 37 63
42 37 63
42 37 63
42 37 63
42 38 63
42 37 64
42 37 64
42 37 63
42 37 65
42 37 64
42 36 64
42 37 64
42 37 64
42 37 65
42 37 64
42 37 65
42 37 64
42 37 64
42 37 64
42 37 63
42 37 64
42 36 65
42 36 65
42 37 64
42 37 64
42 37 63
42 37 65
42 37 63
42 36 64
42 37 65
42 37 65
42 37 63
42 37 64
42 36 64
42 37 64
42 37 64
42 37 64
42 37 63
42 37 64
42 37 63
42 37 64
42 37 63
42 37 65
42 37 64
42 37 65
42 37 65
42 37 64
42 37 64
42 37 64
42 37 64
42 37 63
42 37 64
42 37 64
42 37 64
42 37 64
42 37 64
42 37 64
42 36 64
42 37 63
42 37 64
42 37 64
42 37 64
42 37 64
42 36 64
42 37 64
42 37 64
42 37 65
42 37 64
42 37 64
42 37 64
42 37 64
42 37 64
42 37 64
42 37 64
42 37 63
42 37 65
42 37 64
42 37 64
42 37 64
42 36 63
42 37 64
42 37 63
42 37 64
42 37 64
42 37 64
42 37 64
42 37 63
42 36 65
42 37 64
42 37 65
42 37 64
42 37 64
42 37 64
42 37 64
42 37 64
42 37 64
42 37 63
42 37 63
42 36 64
42 37 64
42 37 64
42 37 64
42 37 63
42 37 64
42 37 63
42 37 64
42 37 64
42 37 64
42 37 63
42 37 63
42 37 63
42 36 64
42 37 64
42 37 64
42 37 64
42 36 63
42 37 63
42 36 63
42 36 63
42 36 64
42 37 64
42 37 64
42 37 64
42 36 64
42 36 63
42 37 64
42 36 63
42 36 65
42 37 64
42 37 64
42 36 63
42 37 64
42 37 65
42 36 64
42 37 63
42 36 63
42 37 64
42 36 64
42 37 64
42 37 64
42 37 65
42 36 64
42 37 64
42 37 64
42 37 64
42 37 64
42 37 64
42 37 64
42 36 63
42 36 65
42 37 64
42 37 64
42 37 65
42 36 64
42 36 64
42 37 65
42 37 64
42 37 63
42 36 63
42 37 63
42 36 65
42 37 64
42 37 64
42 37 64
42 37 65
42 37 64
42 37 63
