76 0 79
91 43 79
91 43 78
91 43 79
91 43 79
91 43 78
91 44 79
91 43 79
91 43 79
91 45 80
91 43 79
91 43 79
91 44 78
91 43 79
91 43 79
91 43 79
91 43 78
91 44 79
91 43 79
91 43 79
91 43 79
91 43 79
91 43 79
91 43 78
91 44 78
91 45 79
91 43 79
91 44 80
91 44 79
91 43 79
91 44 79
91 44 80
91 43 79
91 44 79
91 43 78
91 44 79
91 43 79
91 44 79
91 43 79
91 44 79
91 43 79
91 43 79
91 43 79
91 44 80
91 44 78
91 43 78
91 43 79
91 43 79
91 43 78
91 44 79
91 43 79
91 43 79
91 43 79
91 42 79
91 43 79
91 44 79
91 43 79
91 44 79
91 44 79
91 43 79
91 43 80
91 44 79
91 44 79
91 43 80
91 44 78
91 43 79
91 44 79
91 44 79
91 43 79
91 43 79
91 43 79
91 43 79
91 43 79
91 44 79
91 43 79
91 43 79
91 44 79
91 43 79
91 43 79
91 44 79
91 44 79
91 43 79
91 43 79
91 45 80
91 43 79
91 43 78
91 43 79
91 43 79
91 43 79
91 43 79
91 43 79
91 43 79
91 44 79
91 43 79
91 42 78
91 43 79
91 44 79
91 43 79
91 43 79
91 43 79
91 44 79
91 43 79
91 43 79
91 43 78
91 44 79
91 43 79
91 44 80
91 43 79
91 43 79
91 43 79
91 43 79
91 43 78
91 43 78
91 44 79
91 44 79
91 44 79
91 44 79
91 44 78
91 43 79
91 43 79
91 44 79
91 42 78
91 43 78
91 43 78
91 44 79
91 44 79
91 43 79
91 43 79
91 43 78
91 43 79
91 44 79
91 42 78
91 44 80
91 44 79
91 43 79
91 43 79
91 44 79
91 43 79
91 44 78
91 43 79
91 44 79
91 44 78
91 43 79
91 44 79
91 44 79
91 44 80
91 43 78
91 44 78
91 44 79
91 44 79
91 44 79
91 44 79
91 44 79
91 43 79
91 44 79
91 43 78
91 43 79
91 43 79
91 44 79
91 43 78
91 44 78
91 44 79
91 43 79
91 43 79
91 45 79
91 43 79
91 43 78
91 43 79
91 43 79
91 43 79
91 43 79
91 43 79
91 43 78
91 43 78
91 43 80
91 44 79
91 43 79
91 43 79
91 43 79
91 43 80
91 43 79
91 43 78
91 43 79
91 43 79
91 43 79
91 43 79
91 43 79
91 43 79
91 43 79
91 43 79
91 44 78
91 43 78
91 43 79
91 43 78
91 43 78
91 43 79
91 44 79
91 43 78
91 43 79
91 43 78
91 43 79
91 43 79
91 43 79
91 43 79
91 43 78
91 43 79
91 43 78
91 43 79
91 43 78
91 43 79
91 43 79
91 43 78
91 43 79
91 43 79
91 43 78
91 43 79
91 43 79
91 43 79
91 43 79
91 43 79
91 43 79
91 43 78
91 43 79
91 43 79
91 42 78
91 43 79
91 43 79
91 43 78
91 43 79
91 43 79
91 43 79
91 43 79
91 43 78
91 43 78
91 43 79
91 44 78
91 43 79
91 43 78
91 44 79
91 43 79
91 42 79
91 43 79
91 44 79
91 43 79
91 43 79
91 43 78
91 43 79
91 44 79
91 44 79
91 43 79
91 43 79
91 44 79
91 43 79
91 43 79
91 44 79
91 43 78
91 43 78
91 43 79
91 44 78
91 43 78
91 43 78
91 44 79
91 43 79
91 43 79
91 43 79
91 42 79
91 43 78
91 43 78
91 43 78
91 43 79
91 43 78
91 42 78
91 43 79
91 43 79
91 44 79
91 43 79
91 42 79
91 43 79
91 44 79
91 44 79
91 44 79
91 43 79
91 43 79
91 44 78
91 43 79
91 43 79
91 42 79
91 43 79
91 43 79
91 43 78
91 43 79
91 43 79
91 43 79
91 44 79
91 44 79
91 43 79
91 43 78
91 43 79
91 44 79
91 43 80
91 44 79
91 43 79
91 44 80
91 43 79
91 43 79
91 42 79
91 43 78
91 44 79
91 44 79
91 43 79
91 42 78
91 43 80
91 44 79
91 43 78
91 42 79
91 42 80
91 42 80
91 42 79
91 44 79
91 44 79
91 43 79
91 43 79
91 44 79
91 44 79
91 44 78
91 43 78
91 44 79
91 44 79
91 43 79
91 43 79
91 43 80
91 43 79
91 44 79
91 44 79
91 43 79
91 43 79
91 43 80
91 43 78
91 43 79
91 43 79
91 43 79
91 43 78
91 43 79
91 43 78
91 42 80
91 43 79
91 43 78
91 44 79
91 43 79
91 43 79
91 43 79
91 43 79
91 43 78
91 43 79
91 44 78
91 43 79
91 44 79
91 43 78
91 44 79
91 43 79
91 43 80
91 43 79
91 43 79
91 43 79
91 43 78
91 43 79
91 43 78
91 43 78
91 43 78
91 45 79
91 43 78
91 43 78
91 43 79
91 43 78
91 43 79
91 43 78
91 43 78
91 43 78
91 43 78
91 43 78
91 43 79
91 44 79
91 43 79
91 43 79
91 43 78
91 43 79
91 43 79
91 43 79
91 43 79
91 43 79
91 43 78
91 43 78
91 43 79
91 43 79
91 43 78
91 43 78
91 43 78
91 43 79
91 44 79
91 43 79
91 43 78
91 43 79
91 43 78
91 44 79
91 42 79
91 43 79
91 42 79
91 43 79
91 43 79
91 43 78
91 43 79
91 43 78
91 43 79
91 43 79
91 43 78
91 44 79
91 43 79
91 44 79
91 44 79
91 43 79
91 43 79
91 43 79
91 43 78
91 43 79
91 42 79
91 43 80
91 43 79
91 43 79
91 43 79
91 43 80
91 43 78
91 43 78
91 43 79
91 43 79
91 43 79
91 42 79
91 43 79
91 43 78
91 43 78
91 43 78
91 43 78
91 43 79
91 43 79
91 43 79
91 43 78
91 43 79
91 43 79
91 42 78
91 43 79
91 43 79
91 43 79
91 43 79
91 43 79
91 43 79
91 43 78
91 43 79
91 43 79
91 44 79
91 43 78
91 43 79
91 43 79
91 43 78
91 43 78
91 43 79
91 43 79
91 43 79
91 43 79
91 43 79
91 42 79
91 43 78
91 43 78
91 43 79
91 43 79
91 43 79
91 43 78
91 43 78
91 43 79
91 44 79
91 43 79
91 43 79
91 43 79
91 44 79
91 43 79
