63 0 61
76 56 60
76 50 60
76 49 61
76 49 60
76 49 61
76 49 61
76 49 61
76 49 61
76 50 61
76 60 61
76 50 61
76 50 61
76 50 61
76 50 61
76 56 60
76 49 61
76 56 61
76 49 61
76 49 60
76 60 61
76 56 61
76 60 61
76 60 60
76 60 60
76 60 61
76 60 61
76 60 60
76 59 61
76 59 62
76 60 61
76 60 61
76 60 61
76 59 62
76 60 61
76 60 61
76 60 60
76 56 61
76 60 61
76 60 61
76 50 61
76 60 61
76 50 61
76 50 61
76 50 60
76 50 61
76 50 61
76 49 61
76 49 60
76 49 61
76 49 61
76 50 61
76 49 61
76 49 61
76 49 61
76 50 61
76 50 60
76 60 61
76 60 62
76 60 61
76 50 60
76 50 61
76 50 61
76 50 61
76 50 61
76 50 61
76 50 61
76 49 60
76 50 61
76 49 61
76 50 61
76 50 61
76 50 61
76 50 60
76 56 60
76 56 62
76 50 61
76 60 61
76 49 61
76 60 61
76 56 61
76 50 60
76 50 61
76 49 61
76 60 61
76 49 60
76 49 60
76 50 61
76 49 60
76 50 60
76 50 61
76 50 60
76 49 61
76 49 61
76 49 60
76 49 60
76 49 60
76 49 61
76 49 61
76 50 61
76 49 61
76 49 61
76 49 60
76 49 61
76 50 61
76 49 62
76 49 60
76 49 61
76 49 61
76 49 61
76 49 61
76 49 60
76 49 61
76 49 61
76 49 61
76 49 61
76 49 61
76 49 61
76 49 61
76 49 61
76 49 60
76 49 61
76 49 61
76 49 61
76 49 61
76 49 61
76 49 61
76 50 61
76 49 61
76 49 61
76 49 61
76 49 61
76 50 62
76 49 61
76 49 60
76 49 61
76 49 61
76 49 61
76 49 61
76 49 61
76 49 60
76 49 61
76 49 61
76 49 61
76 49 61
76 49 61
76 49 61
76 49 61
76 49 60
76 49 61
76 49 61
76 49 60
76 49 61
76 49 61
76 49 61
76 50 61
76 49 61
76 49 60
76 49 61
76 49 61
76 49 61
76 49 61
76 49 61
76 49 61
76 49 61
76 49 61
76 49 61
76 49 61
76 49 61
76 49 61
76 49 61
76 49 60
76 56 61
76 50 60
76 50 61
76 50 61
76 50 61
76 50 61
76 60 61
76 56 61
76 50 61
76 50 61
76 50 60
76 59 61
76 60 61
76 60 61
76 60 60
76 60 61
76 60 61
76 60 61
76 60 61
76 60 61
76 60 61
76 60 61
76 60 60
76 60 61
76 60 61
76 60 62
76 60 60
76 60 61
76 60 61
76 60 61
76 60 60
76 60 60
76 56 60
76 60 61
76 60 61
76 60 62
76 60 61
76 60 61
76 60 61
76 60 61
76 60 61
76 60 61
76 60 61
76 60 61
76 60 61
76 60 61
76 60 61
76 59 61
76 60 61
76 60 61
76 60 61
76 60 61
76 60 61
76 50 60
76 50 61
76 60 60
76 60 62
76 50 61
76 50 61
76 49 60
76 50 61
76 60 61
76 56 62
76 50 60
76 60 61
76 56 60
76 60 61
76 60 61
76 60 60
76 60 61
76 60 61
76 60 61
76 59 60
76 60 61
76 56 60
76 49 60
76 60 61
76 50 60
76 50 61
76 50 61
76 49 61
76 50 61
76 50 61
76 50 61
76 59 61
76 56 61
76 56 60
76 50 60
76 60 61
76 50 60
76 60 62
76 50 61
76 60 60
76 49 61
76 50 62
76 50 61
76 50 61
76 50 61
76 49 61
76 50 61
76 50 61
76 50 61
76 50 60
76 50 61
76 60 61
76 50 61
76 50 61
76 49 60
76 50 61
76 50 61
76 49 61
76 49 61
76 49 60
76 49 61
76 49 61
76 49 61
76 50 61
76 49 61
76 50 60
76 60 61
76 50 60
76 50 60
76 49 61
76 49 61
76 49 61
76 49 60
76 45 61
76 45 61
76 47 61
76 45 61
76 47 61
76 49 61
76 49 61
76 49 61
76 49 61
76 50 61
76 50 61
76 50 61
76 49 61
76 49 61
76 49 60
76 49 61
76 49 61
76 49 60
76 49 61
76 49 60
76 49 60
76 49 61
76 50 61
76 56 61
76 56 61
76 56 61
76 56 61
76 56 61
76 60 60
76 56 60
76 60 61
76 60 61
76 56 61
76 60 61
76 60 60
76 60 60
76 60 61
76 56 61
76 60 61
76 60 61
76 60 60
76 60 61
76 60 61
76 56 61
76 60 61
76 60 61
76 56 61
76 60 61
76 60 60
76 60 61
76 60 61
76 60 61
76 60 60
76 60 60
76 56 62
76 60 61
76 60 61
76 60 61
76 60 61
76 60 61
76 60 61
76 60 60
76 60 61
76 60 61
76 60 61
76 60 61
76 60 61
76 56 61
76 56 61
76 56 62
76 50 61
76 56 61
76 56 61
76 56 61
76 60 61
76 56 61
76 60 61
76 60 61
76 56 61
76 50 61
76 50 60
76 56 60
76 56 60
76 56 61
76 56 60
76 56 61
76 60 60
76 56 62
76 56 61
76 56 61
76 56 61
76 56 61
76 56 61
76 56 61
76 50 61
76 50 60
76 56 60
76 50 61
76 49 61
76 56 61
76 49 61
76 44 61
76 48 61
76 48 61
76 49 60
76 49 61
76 48 61
76 48 60
76 48 61
76 48 61
76 46 61
76 50 61
76 50 60
76 50 61
76 50 61
76 50 61
76 56 62
76 56 60
76 50 61
76 50 61
76 49 61
76 50 61
76 50 61
76 50 61
76 49 61
76 56 61
76 56 62
