76 0 91
77 44 91
77 41 91
78 40 92
77 41 92
77 44 91
77 44 90
77 42 91
78 41 91
78 43 92
78 41 92
78 41 91
78 41 91
78 42 91
78 41 91
78 41 90
78 41 92
78 41 91
78 41 91
78 41 91
78 41 91
78 41 91
78 41 91
78 42 91
78 41 91
78 42 91
78 41 92
78 41 90
78 40 91
78 41 91
78 41 91
77 42 91
78 41 91
78 41 91
78 41 91
78 40 91
78 40 91
78 40 92
78 41 92
77 42 92
77 42 91
77 42 91
77 42 92
77 42 91
78 41 91
78 42 91
78 41 91
78 42 91
77 43 91
78 41 91
78 41 91
78 41 91
78 42 91
78 41 91
78 43 92
78 43 91
78 41 91
78 41 92
78 43 92
78 42 91
78 42 91
78 42 91
78 42 91
78 42 90
78 42 92
78 41 90
78 40 90
77 42 92
78 40 92
78 40 91
78 42 91
78 40 90
78 40 91
78 40 92
77 42 92
78 40 90
78 40 91
78 40 91
78 42 91
78 40 92
78 40 91
78 42 91
78 42 90
77 42 91
78 42 91
78 42 91
78 41 91
78 41 92
78 43 91
78 41 92
78 42 91
78 42 91
78 42 92
78 42 91
78 41 90
78 43 91
78 41 90
78 42 91
78 42 91
78 42 91
78 42 91
78 42 91
78 40 91
78 42 91
78 40 91
78 40 91
78 40 91
78 40 92
78 40 91
78 40 92
78 40 91
78 40 92
78 40 91
78 40 91
78 41 91
78 41 91
78 41 91
78 41 91
78 41 91
78 41 91
78 41 92
78 41 91
78 41 91
78 41 91
78 41 91
78 41 91
78 41 91
78 41 91
78 41 91
78 41 92
78 41 92
78 41 91
78 41 91
78 40 91
78 41 91
78 42 91
78 42 91
78 41 91
78 42 91
78 40 91
78 41 91
78 42 91
78 41 91
78 41 91
78 42 91
78 42 91
78 40 91
78 41 91
78 41 92
78 41 91
78 41 91
78 41 91
78 41 91
78 42 91
78 41 91
78 41 92
78 41 92
78 43 91
78 41 91
78 42 91
78 41 92
78 41 91
78 41 90
78 41 91
78 41 92
78 41 91
78 41 91
78 42 91
78 41 91
78 41 91
78 42 91
78 41 91
78 41 91
78 41 92
78 41 92
78 41 92
78 41 91
78 41 91
78 41 91
78 42 91
78 41 91
78 43 91
77 42 92
78 41 91
78 41 91
78 41 91
78 41 91
78 41 91
78 40 92
77 42 91
77 42 92
78 41 91
78 41 92
78 41 91
78 41 92
78 41 91
78 41 91
78 41 91
78 41 91
78 41 91
78 41 92
78 42 91
77 41 91
78 41 91
78 41 91
77 42 91
78 41 92
78 41 90
78 41 91
78 41 91
78 40 91
78 40 91
78 40 91
78 40 92
78 40 91
78 40 91
78 40 91
78 40 91
78 40 91
78 40 91
78 40 91
78 41 91
77 42 91
78 41 92
78 41 90
78 41 91
77 42 92
78 41 90
78 43 91
78 41 91
78 41 91
78 41 91
78 41 91
77 42 91
78 41 92
78 41 92
78 41 92
78 41 91
78 41 91
78 41 91
78 42 91
78 41 90
78 41 92
78 41 91
78 41 91
78 41 91
78 41 91
77 42 91
78 41 91
78 40 91
78 41 91
77 41 91
77 41 91
77 42 91
78 42 92
78 41 92
78 41 91
78 41 91
78 41 91
78 42 92
78 41 91
77 41 91
78 42 91
78 41 91
77 41 91
78 41 91
78 41 91
78 41 91
77 41 91
77 42 91
78 41 91
78 42 91
78 41 91
78 41 91
78 42 91
78 43 91
78 41 91
77 42 92
77 42 91
77 42 92
78 41 91
78 41 91
78 41 91
78 41 91
77 41 91
78 42 91
77 41 91
77 41 91
77 41 91
78 42 91
78 41 91
78 42 91
77 42 92
77 42 92
78 40 92
78 41 91
78 41 91
78 41 91
78 41 91
78 41 91
78 42 92
78 41 91
78 41 91
78 41 91
78 41 92
78 42 92
78 41 91
77 42 91
78 41 91
77 42 91
78 41 91
78 41 91
78 42 91
78 42 91
77 42 91
78 41 92
78 41 91
78 41 92
78 41 92
78 41 91
78 41 91
77 42 91
78 41 91
78 41 91
78 42 91
78 41 91
78 41 91
78 41 91
77 41 92
78 42 91
78 41 91
78 42 91
77 42 91
77 41 91
78 41 91
78 41 91
78 41 91
78 41 91
77 41 91
77 42 91
77 41 91
77 42 91
78 41 91
78 41 91
78 42 91
78 41 91
77 41 91
78 42 91
78 41 92
78 41 91
78 41 91
78 42 91
77 42 92
78 41 91
78 41 91
78 41 91
78 41 91
78 42 91
78 41 91
78 41 91
78 41 91
78 41 91
78 41 90
78 41 91
78 41 91
78 40 91
78 40 90
78 40 92
78 44 91
78 41 90
78 41 91
78 41 91
78 40 90
78 44 92
77 43 91
78 42 91
78 42 92
78 58 88
78 43 92
78 58 89
77 43 91
78 42 91
78 42 91
78 41 92
78 41 91
78 41 91
78 42 91
78 41 91
78 41 91
78 42 91
78 41 91
78 42 91
78 41 91
78 41 92
78 41 92
78 41 91
78 41 91
