80 0 82
82 57 83
82 57 82
82 57 83
82 57 83
82 57 83
82 57 83
82 57 82
82 57 84
82 57 83
82 56 83
82 56 84
82 57 83
82 56 82
82 57 82
82 57 82
82 57 83
82 57 83
82 57 82
82 57 83
82 57 82
82 57 82
82 57 83
82 56 82
82 57 83
82 57 82
82 57 82
82 57 82
82 57 84
82 57 82
82 57 83
82 57 84
82 57 83
82 57 82
82 57 82
82 57 83
82 57 83
82 57 82
82 57 83
82 57 82
82 57 82
82 57 83
82 57 83
82 57 82
82 57 82
82 57 82
82 57 82
82 57 83
82 57 82
82 57 83
82 57 83
82 57 82
82 57 83
82 58 82
82 57 82
82 58 82
82 57 83
82 57 82
82 57 82
82 56 83
82 57 82
82 56 82
82 58 82
82 57 83
82 56 82
82 57 83
82 56 82
82 56 82
82 57 82
82 57 82
82 56 83
82 57 82
82 57 83
82 57 82
82 57 82
82 57 84
82 57 82
82 57 82
82 57 82
82 56 83
82 57 82
82 57 82
82 57 82
82 56 83
82 58 82
82 57 82
82 58 83
82 57 82
82 57 83
82 57 82
82 57 82
82 57 83
82 58 82
82 58 82
82 57 82
82 56 83
82 57 82
82 56 82
82 57 83
82 58 82
82 57 82
82 56 82
82 56 83
82 57 82
82 57 82
82 57 83
82 57 82
82 58 83
82 56 82
82 58 82
82 57 83
82 56 82
82 58 82
82 57 83
82 56 82
82 57 82
82 56 82
82 59 83
82 58 83
82 58 82
82 58 83
82 57 83
82 58 83
82 57 82
82 57 82
82 57 82
82 58 84
82 57 82
82 58 82
82 56 83
82 57 83
82 57 83
82 57 82
82 57 83
82 58 82
82 57 82
82 57 82
82 58 82
82 57 82
82 56 83
82 57 82
82 56 82
82 58 82
82 57 82
82 56 82
82 56 82
82 57 83
82 56 83
82 56 83
82 56 83
82 56 82
82 56 82
82 56 83
82 56 82
82 57 82
82 57 83
82 57 82
82 56 83
82 56 82
82 56 82
82 56 82
82 57 82
82 57 83
82 56 83
82 57 82
82 57 82
82 57 82
82 58 82
82 57 82
82 58 82
82 58 82
82 58 82
82 58 82
82 57 82
82 57 82
82 58 82
82 58 82
82 57 82
82 57 82
82 58 82
82 57 82
82 57 82
82 58 82
82 57 82
82 57 82
82 58 82
82 57 82
82 60 82
82 59 82
82 57 82
82 57 83
82 57 82
82 57 83
82 57 82
82 57 83
82 57 82
82 58 83
82 57 83
82 57 82
82 57 82
82 57 83
82 58 83
82 57 82
82 58 82
82 57 82
82 57 83
82 59 83
82 58 82
82 57 82
82 57 82
82 57 82
82 57 82
82 57 83
82 57 82
82 57 83
82 57 83
82 57 82
82 57 82
82 57 82
82 57 83
82 57 83
82 57 82
82 58 82
82 58 82
82 58 83
82 57 82
82 57 82
82 57 83
82 58 82
82 57 82
82 57 82
82 57 82
82 57 82
82 57 82
82 57 84
82 57 82
82 57 82
82 58 82
82 56 82
82 56 82
82 56 82
82 56 82
82 56 82
82 57 83
82 57 82
82 56 82
82 56 82
82 56 83
82 56 82
82 58 83
82 56 82
82 56 83
82 57 82
82 56 82
82 56 83
82 56 82
82 56 83
82 56 82
82 56 82
82 56 83
82 56 82
82 56 83
82 56 82
82 56 83
82 56 83
82 56 82
82 56 82
82 57 82
82 56 83
82 58 83
82 56 82
82 56 82
82 58 82
82 57 82
82 57 82
82 58 82
82 56 82
82 56 82
82 58 82
82 56 82
82 56 82
82 58 82
82 56 82
82 56 82
82 57 83
82 56 82
82 58 82
82 59 82
82 58 82
82 56 83
82 56 82
82 58 82
82 58 82
82 58 83
82 56 82
82 58 82
82 56 83
82 57 82
82 56 83
82 57 83
82 56 82
82 57 82
82 57 82
82 57 83
82 56 82
82 56 82
82 56 82
82 56 82
82 57 82
82 56 83
82 57 82
82 56 83
82 56 82
82 56 83
82 56 82
82 56 82
82 56 82
82 56 82
82 57 82
82 56 83
82 56 82
82 56 83
82 58 82
82 58 83
82 56 82
82 58 83
82 58 82
82 57 83
82 58 82
82 57 82
82 58 82
82 57 82
82 57 82
82 58 82
82 57 83
82 58 82
82 58 82
82 58 82
82 57 82
82 57 83
82 58 83
82 56 82
82 57 83
82 58 83
