65 0 66
65 37 66
66 38 67
65 38 67
66 37 67
66 36 66
66 36 66
65 38 65
66 36 66
66 36 66
65 38 66
65 38 66
65 37 66
65 38 67
65 38 66
65 37 66
65 38 67
65 38 66
65 37 66
65 38 66
65 38 66
65 37 66
65 37 66
65 37 66
65 37 66
65 37 66
65 37 66
65 37 66
65 36 66
65 37 66
65 37 66
65 37 66
65 37 66
65 37 66
65 37 66
65 37 67
65 37 67
65 37 67
65 37 66
65 37 67
65 38 66
65 37 66
65 37 67
65 37 66
65 37 66
65 37 66
65 37 66
66 37 66
65 37 67
65 37 66
65 37 66
65 37 67
65 37 66
65 37 67
65 37 66
65 37 66
65 37 66
65 37 66
65 37 66
65 38 66
65 38 66
65 37 66
65 38 66
65 37 66
65 37 67
65 37 66
65 38 66
65 37 66
65 38 66
65 38 66
65 37 66
65 37 66
65 37 66
65 37 66
65 37 66
65 37 67
65 37 66
65 37 67
65 37 66
65 37 66
65 37 66
65 37 66
65 38 66
65 37 66
65 37 66
65 38 66
65 37 66
65 37 66
65 37 67
65 37 66
65 37 66
65 37 66
65 37 66
65 38 66
65 37 66
65 37 66
65 37 66
65 37 66
65 38 66
65 38 66
65 38 66
65 38 65
65 38 66
65 38 66
65 38 67
65 38 67
65 38 66
65 38 66
65 38 66
65 37 67
65 37 66
65 38 66
65 37 66
65 38 66
65 38 66
65 38 66
65 37 66
65 37 66
65 37 66
65 38 66
65 38 66
65 37 66
65 37 66
65 36 66
65 38 65
65 37 66
65 38 66
65 38 67
65 38 66
65 37 66
65 37 65
65 38 67
65 37 66
65 38 66
65 37 66
65 37 66
65 37 66
65 36 66
65 37 66
65 37 66
65 37 66
65 37 66
65 37 66
65 37 67
65 37 66
65 36 66
65 37 66
65 37 66
65 37 66
65 38 66
65 38 66
65 37 67
65 37 66
65 37 66
65 37 66
65 38 66
65 37 66
65 37 66
65 37 66
65 36 66
65 38 66
65 37 66
65 38 67
65 38 66
65 37 67
65 37 66
66 38 66
65 37 66
65 37 66
65 37 67
66 38 66
66 37 66
65 37 67
65 38 66
65 37 66
66 37 66
65 38 66
65 37 66
66 37 66
65 37 65
65 37 66
65 38 67
65 36 66
65 37 66
65 38 66
65 38 66
65 38 66
65 37 66
65 37 66
65 37 66
65 37 66
65 37 66
65 37 66
65 36 65
65 37 66
65 38 67
65 38 65
65 37 67
65 38 66
65 38 66
65 38 66
65 38 66
65 38 67
65 38 67
65 37 66
65 38 67
65 38 66
65 37 67
65 38 66
65 38 66
65 37 67
65 37 66
65 37 66
65 38 66
65 37 66
65 38 66
65 38 66
65 37 66
65 38 66
65 38 65
65 37 66
65 38 66
65 36 67
65 38 66
65 38 66
65 38 66
65 37 66
65 38 66
65 37 66
65 38 66
65 38 66
65 38 66
65 38 66
65 36 66
65 37 67
65 38 66
65 38 66
65 37 67
65 38 66
65 38 66
65 37 66
65 38 66
65 38 66
65 37 67
65 38 66
65 38 66
65 37 66
65 38 66
65 38 66
65 37 65
65 38 66
65 36 66
66 36 66
65 38 66
65 38 66
65 38 66
65 38 66
65 37 66
65 37 66
65 38 66
65 36 66
65 38 66
65 38 66
65 36 65
65 36 66
65 36 65
65 36 67
65 36 66
65 38 66
65 36 66
65 37 66
65 38 66
65 37 67
65 38 66
65 38 66
65 38 65
65 38 66
65 38 66
65 38 66
65 38 66
65 38 66
65 37 66
65 38 67
65 38 66
65 37 67
65 38 66
65 36 66
65 37 66
65 38 66
65 36 65
65 38 66
65 38 66
65 38 66
66 38 66
65 36 66
65 37 66
66 36 67
65 36 66
65 38 66
65 36 66
65 38 66
65 37 66
65 38 66
65 38 66
65 38 66
65 38 66
65 37 66
65 38 66
65 37 66
65 37 67
65 38 66
65 38 66
65 37 66
65 38 67
65 37 65
65 37 66
65 38 67
65 38 66
65 37 66
65 38 66
65 38 67
65 37 66
65 38 66
65 38 66
65 37 66
65 38 67
66 36 66
65 37 67
65 38 66
65 36 66
65 38 67
65 37 66
65 38 66
65 38 66
65 38 66
65 38 67
65 36 66
65 36 66
65 37 66
65 36 66
65 37 66
65 38 66
65 37 66
65 38 66
65 36 66
65 38 65
65 36 66
65 38 66
65 36 67
66 36 66
65 36 66
65 36 66
65 36 66
65 36 66
65 38 66
65 37 66
65 36 66
65 38 66
66 36 66
65 38 66
65 38 66
65 36 66
65 36 66
65 37 66
65 38 66
65 36 67
65 36 66
65 36 67
66 37 66
65 36 66
66 36 66
65 36 65
65 36 66
65 36 66
65 36 66
66 37 66
66 36 66
66 36 66
65 36 66
65 36 66
66 37 67
66 36 66
65 37 66
65 36 66
65 38 66
65 36 66
65 38 66
65 36 66
65 38 66
65 36 67
65 36 66
65 37 65
65 38 66
65 37 66
65 38 66
65 38 66
65 36 66
65 38 67
65 38 66
65 38 67
65 38 66
65 38 66
65 38 67
65 37 66
65 38 66
65 37 67
65 38 66
65 36 66
65 36 65
65 38 66
65 38 67
65 38 66
65 36 66
65 38 67
65 38 66
65 38 66
65 38 66
65 38 67
65 36 66
65 36 66
65 36 66
65 38 66
65 36 66
65 36 65
65 37 66
65 38 66
65 37 66
65 38 66
65 38 66
65 38 66
65 38 66
65 38 66
65 37 66
65 38 66
65 37 67
65 36 66
