49 0 50
49 37 50
49 37 50
49 37 50
49 35 50
49 37 50
49 35 50
49 35 50
49 35 50
49 35 50
49 35 50
49 37 50
49 35 50
49 35 50
49 36 51
50 36 50
49 35 50
49 35 50
49 35 50
50 36 50
49 35 50
49 35 50
49 35 50
49 35 50
49 35 50
49 35 50
49 35 50
49 35 50
50 36 50
49 35 50
50 36 50
49 35 50
49 35 50
49 35 50
49 35 50
49 36 50
49 35 50
49 35 50
49 37 50
49 37 50
49 35 50
49 35 50
49 35 50
49 35 50
49 35 51
49 35 50
49 35 50
49 35 50
49 35 50
49 35 50
49 35 50
49 35 50
49 37 50
49 35 50
49 35 50
49 35 50
49 35 50
49 35 50
49 35 50
49 35 50
49 35 50
49 35 50
49 35 50
49 35 50
49 35 50
49 35 50
49 35 50
49 35 50
49 35 50
49 35 50
49 35 50
49 35 50
49 35 50
49 35 51
49 35 50
49 35 50
49 36 50
49 35 50
49 36 50
49 35 50
49 35 50
49 35 50
49 36 50
49 35 50
49 35 50
49 35 50
49 35 50
49 35 50
49 35 50
49 35 50
49 35 50
49 35 50
49 35 50
49 35 50
49 35 50
49 35 50
49 35 50
49 35 50
49 35 50
49 35 50
49 35 50
49 35 50
49 35 51
49 35 50
49 35 50
49 34 50
49 34 50
49 34 50
49 36 50
49 35 50
49 34 50
49 34 50
49 34 50
49 34 50
49 34 50
49 36 50
49 34 50
49 34 50
49 34 50
49 34 50
49 36 50
49 34 50
49 34 50
49 34 50
49 34 50
49 35 50
49 34 50
49 34 50
49 34 50
49 34 50
49 34 50
49 34 50
49 34 50
49 33 50
49 34 50
49 34 50
49 34 50
49 34 50
49 34 50
49 34 50
49 34 50
49 34 50
49 34 50
49 34 50
49 34 50
49 34 50
49 34 50
49 34 50
49 34 50
49 35 50
49 36 50
49 34 50
49 34 50
49 34 50
49 34 50
49 34 50
49 34 50
49 34 50
49 34 50
49 34 50
49 34 50
49 34 50
49 34 50
49 34 50
49 34 50
49 35 50
49 34 50
49 35 50
49 35 50
49 34 50
49 34 50
49 34 50
49 35 50
49 34 50
49 34 50
49 35 50
49 34 50
49 35 50
49 35 50
49 35 50
49 34 50
49 35 50
49 35 50
49 35 50
49 35 50
49 35 50
49 35 50
49 35 50
49 35 50
49 35 50
49 35 50
49 35 50
49 35 50
49 35 51
49 35 50
49 35 50
49 35 50
49 35 50
49 35 50
49 35 50
49 35 50
49 35 50
49 35 50
49 35 50
49 35 50
49 35 50
49 35 50
49 35 50
49 35 50
49 35 50
49 35 50
49 35 50
49 35 50
49 35 50
49 35 50
49 35 50
49 35 50
49 35 50
49 35 50
49 35 50
49 35 50
49 35 50
49 35 50
49 35 50
49 35 50
49 35 51
49 35 50
49 35 50
49 35 50
49 35 50
49 35 50
49 35 50
49 35 50
49 35 50
49 35 50
49 35 51
49 35 50
49 35 50
49 35 50
49 35 50
49 35 50
49 35 50
49 35 50
49 35 50
49 35 50
49 35 50
49 35 50
49 35 50
49 35 50
49 35 50
49 35 50
49 35 50
49 35 50
49 35 50
49 35 50
49 35 50
49 35 50
49 35 50
49 35 50
49 35 50
49 35 50
49 35 50
49 34 50
49 35 50
49 35 50
49 35 50
49 35 50
49 35 50
49 35 50
49 35 50
49 35 50
49 36 50
49 35 50
49 37 50
49 36 50
49 36 50
49 37 50
49 36 50
49 37 50
49 37 50
49 37 50
49 35 50
49 37 50
49 36 50
49 37 50
49 35 50
49 36 50
49 37 50
49 36 50
49 36 50
49 35 50
49 36 50
49 36 50
49 35 50
49 37 50
49 36 50
49 37 50
49 36 50
49 35 50
49 35 50
49 36 50
49 34 50
49 35 50
49 35 50
49 35 50
49 35 50
49 35 50
49 35 50
49 35 50
49 35 50
49 35 50
49 35 50
49 35 50
49 35 50
49 35 50
49 35 50
49 35 50
49 35 50
49 34 50
49 36 50
49 35 50
49 35 50
49 36 50
49 35 50
49 36 51
49 36 50
49 36 50
49 36 50
49 34 50
49 35 50
49 36 50
49 36 51
49 36 50
49 34 50
49 36 50
49 36 50
49 34 50
49 35 50
49 36 51
49 34 50
49 34 50
49 34 50
49 35 50
49 35 50
49 35 50
49 36 50
49 34 50
49 35 50
49 36 50
49 34 50
49 36 50
49 35 50
49 36 50
49 36 50
49 36 50
49 36 50
49 36 50
49 36 50
49 36 50
49 36 50
49 36 50
49 36 50
49 36 50
49 36 50
49 36 50
49 36 50
49 36 50
49 36 50
49 36 50
49 36 50
49 37 50
49 36 50
49 36 50
49 36 50
49 36 50
49 36 50
49 36 50
49 36 50
49 36 50
49 36 50
49 36 50
49 36 50
49 36 50
49 36 50
49 35 50
49 36 50
49 36 50
49 36 50
49 36 50
49 36 50
49 37 50
49 36 50
