59 0 76
59 43 76
59 42 76
59 42 76
59 42 76
59 42 77
59 42 76
59 42 76
59 42 76
59 43 76
59 42 77
59 42 76
59 42 76
59 42 77
58 42 77
59 43 76
59 43 76
59 42 76
58 42 77
58 44 76
59 42 77
59 42 76
58 42 76
59 42 76
59 42 77
59 42 76
58 42 77
59 42 76
59 42 76
59 42 77
59 42 76
59 42 76
58 43 76
59 42 76
59 42 76
59 42 77
59 42 76
59 42 76
59 44 76
59 42 76
59 42 76
58 42 76
59 42 77
58 42 76
58 42 76
59 56 72
58 56 71
58 42 76
59 42 77
58 56 72
59 42 77
59 42 76
58 42 76
59 42 76
59 42 77
58 42 76
58 56 71
58 42 76
59 42 76
58 56 71
58 42 76
58 56 72
58 56 71
58 43 76
58 42 76
58 56 71
59 42 76
58 43 76
59 56 71
58 59 68
58 42 76
59 42 76
58 42 76
58 56 71
58 56 70
58 56 71
58 59 68
58 42 77
59 42 76
58 42 77
58 56 72
58 59 69
59 42 76
58 56 70
58 56 72
58 42 76
58 42 76
58 42 76
58 42 76
59 42 76
59 42 77
58 42 76
59 42 76
58 42 76
59 42 76
59 42 77
59 42 76
59 42 76
59 42 76
59 44 76
59 42 76
59 42 77
58 42 76
59 42 76
59 42 76
59 42 77
59 44 77
59 42 77
59 43 77
59 42 77
59 42 76
59 57 71
59 42 76
59 42 77
59 56 71
59 42 77
59 42 77
59 44 76
59 42 77
59 42 77
59 42 76
59 42 77
59 42 76
59 43 76
59 42 76
59 42 76
59 42 77
59 42 76
59 42 76
59 42 76
59 42 76
59 42 76
59 42 76
59 42 76
59 42 76
59 42 76
58 42 76
58 42 76
58 42 76
58 42 76
58 42 76
58 42 76
58 42 76
58 42 76
58 42 76
58 42 76
58 42 77
58 42 76
59 42 77
59 42 76
59 42 77
59 42 77
58 42 76
59 42 76
59 42 76
59 42 76
59 42 76
58 42 76
59 42 77
59 42 77
58 42 76
59 44 76
58 42 76
58 42 76
58 42 76
59 42 76
58 42 76
58 42 76
59 42 76
58 43 76
58 42 77
58 42 76
59 42 76
59 42 76
59 42 76
58 42 76
59 44 77
58 42 77
59 42 76
59 42 76
59 42 76
59 42 76
59 42 76
59 42 77
59 42 76
59 42 76
59 42 76
58 42 77
59 42 76
58 42 76
58 44 76
58 42 76
58 42 77
58 56 72
58 56 72
58 42 76
59 56 72
58 42 77
59 42 76
59 42 76
58 42 77
59 42 77
59 42 77
58 42 77
59 42 76
58 42 76
58 43 77
58 42 77
59 42 77
58 42 76
58 42 77
58 42 76
59 42 76
59 44 76
59 42 77
58 42 76
59 42 76
59 42 76
58 42 76
59 42 76
59 44 76
59 42 76
58 42 76
58 42 76
59 42 76
59 42 76
58 42 77
59 44 77
58 42 77
59 42 76
58 42 76
58 42 76
59 42 76
59 42 77
58 59 68
58 42 77
58 59 68
58 45 76
58 42 77
58 42 76
58 43 77
58 42 76
58 42 76
58 42 77
58 50 76
58 56 72
58 42 76
58 42 77
58 43 76
58 42 76
58 42 77
58 56 71
58 42 76
58 42 76
58 42 77
59 59 68
59 56 71
59 56 71
58 43 76
58 59 68
58 42 76
58 56 71
58 56 71
58 43 76
58 56 71
58 49 76
58 56 70
59 56 70
58 56 71
59 56 71
58 49 76
58 49 75
59 56 71
58 56 71
58 49 76
58 56 70
58 43 76
58 56 71
58 42 76
58 56 71
58 43 76
58 42 76
58 42 76
58 42 76
58 42 76
58 59 68
58 56 72
58 42 76
58 44 77
58 56 71
58 59 68
58 42 77
58 42 76
58 42 76
58 56 71
58 56 71
58 49 75
58 49 75
58 42 77
58 42 76
58 42 77
59 42 76
59 42 76
58 42 76
58 42 77
59 42 76
58 44 76
58 42 76
59 42 77
59 42 76
59 42 76
59 42 76
58 42 76
59 44 76
59 42 76
59 42 77
59 42 76
59 42 77
59 42 76
59 42 76
59 42 76
59 42 76
59 42 77
59 42 76
59 42 76
59 42 76
59 42 76
58 42 76
58 42 77
58 42 77
58 42 76
58 42 76
58 42 77
59 42 77
58 44 76
58 42 77
59 42 76
58 42 77
58 42 76
59 42 76
58 42 76
59 42 76
59 59 68
59 42 76
59 42 77
58 43 76
58 42 76
59 42 77
58 42 76
59 42 77
58 42 77
58 42 76
58 42 76
58 43 76
58 42 77
59 42 76
58 42 76
59 42 77
58 42 77
58 56 71
58 42 76
58 42 77
59 42 77
58 56 70
58 42 76
58 42 76
59 42 77
58 42 76
58 42 76
58 42 76
58 42 77
58 42 76
58 42 76
58 42 77
59 42 77
58 43 76
59 42 76
58 42 77
58 59 68
