56 0 42
63 39 42
62 39 43
62 39 42
62 39 42
62 39 42
62 41 42
62 41 42
62 39 43
62 39 42
62 39 43
62 40 42
62 40 42
62 40 43
62 40 43
62 40 43
62 40 42
62 40 42
62 40 42
62 40 42
62 39 43
62 39 42
62 39 42
62 40 42
62 40 43
62 40 42
62 39 42
62 39 42
62 40 43
62 40 42
62 40 42
62 40 42
62 40 42
62 39 43
62 39 42
62 39 42
62 41 42
62 39 42
62 39 42
62 40 42
62 41 42
62 39 42
62 39 42
62 39 42
62 39 43
62 39 43
62 39 43
62 40 42
62 39 43
62 40 43
62 39 43
62 39 43
62 39 42
62 39 42
62 39 42
62 39 42
62 39 42
62 41 43
62 39 42
62 40 42
62 40 43
62 39 43
62 39 42
62 40 42
62 40 42
62 41 42
62 39 42
62 40 43
62 40 42
62 40 42
62 40 42
62 40 42
62 39 42
62 41 42
62 40 42
62 40 42
62 40 42
62 41 42
62 40 42
62 42 42
62 43 42
62 42 41
62 42 42
62 42 42
62 42 41
62 40 42
62 43 42
62 40 42
62 40 43
62 39 42
62 39 43
62 39 42
62 40 43
62 40 42
62 39 42
62 39 42
62 39 42
62 39 43
62 39 42
62 39 42
62 40 42
62 40 42
62 39 42
62 49 42
62 39 42
62 40 42
62 39 42
62 40 42
62 40 42
62 40 42
62 40 42
62 40 42
62 40 43
62 40 43
62 40 42
62 39 42
62 39 42
62 39 43
62 43 43
62 39 42
62 39 42
62 40 43
62 39 42
62 40 43
62 39 42
62 40 42
62 40 42
62 40 42
62 39 42
62 39 42
62 49 42
62 39 42
62 43 42
62 40 42
62 39 43
62 40 42
62 39 42
62 39 43
62 39 42
62 39 42
62 39 42
62 40 42
62 39 42
62 39 42
62 39 42
62 39 42
62 39 42
62 39 42
62 39 42
62 39 42
62 39 42
62 39 42
62 39 42
62 39 42
62 43 42
62 39 42
62 39 42
62 39 42
62 39 42
62 39 43
62 39 42
62 39 42
62 39 42
62 39 43
62 39 43
62 39 42
62 39 42
62 39 42
62 39 42
62 39 42
62 39 42
62 39 42
62 49 43
62 39 42
62 49 42
62 39 42
62 49 42
62 39 42
62 49 42
62 39 42
62 49 42
62 40 42
62 49 42
62 39 42
62 49 42
62 39 43
62 39 42
62 39 42
62 39 43
62 40 42
62 49 43
62 40 42
62 39 43
62 39 42
62 39 42
62 39 42
62 49 42
62 39 42
62 49 42
62 40 42
62 49 42
62 39 42
62 49 42
62 40 43
62 39 42
62 39 42
62 39 43
62 40 42
62 39 42
62 39 43
62 39 43
62 39 42
62 39 42
62 39 42
62 39 42
62 39 43
62 39 42
62 39 42
62 39 42
62 39 43
62 39 42
62 39 42
62 39 43
62 39 43
62 39 42
62 39 42
62 39 42
62 39 42
62 39 42
62 39 43
62 39 43
62 39 42
62 39 42
62 39 42
62 39 42
62 40 42
62 40 42
62 40 42
62 40 42
62 39 42
62 40 42
62 40 42
62 40 42
62 40 43
62 39 42
62 40 42
62 40 42
62 39 43
62 40 42
62 40 42
62 40 43
62 40 42
62 40 43
62 40 43
62 40 42
62 40 42
62 40 43
62 40 42
62 40 42
62 40 42
62 40 43
62 40 43
62 40 43
62 40 43
62 41 43
62 40 42
62 40 42
62 40 42
62 40 42
62 40 42
62 40 42
62 40 42
62 40 42
62 40 42
62 40 42
62 40 42
62 39 42
62 40 42
62 40 42
62 40 43
62 41 43
62 40 42
62 40 42
62 40 42
62 42 42
62 40 42
62 40 42
62 40 42
62 40 43
62 40 42
62 40 43
62 40 42
62 40 42
62 40 42
62 40 42
62 40 43
62 42 42
62 40 42
62 40 42
62 40 42
62 40 42
62 40 43
62 40 42
62 40 43
62 40 42
62 40 42
62 40 42
62 40 43
62 40 42
62 40 42
62 40 42
62 40 43
62 41 42
62 40 42
62 39 43
62 39 43
62 40 42
62 40 42
62 40 42
62 39 42
62 43 42
62 40 42
62 39 43
62 39 42
62 40 42
62 42 42
62 40 42
62 40 42
62 40 42
62 39 42
62 39 42
62 40 42
62 39 43
62 39 42
62 39 42
62 39 42
62 39 42
62 43 42
62 39 42
62 40 42
62 39 42
62 49 42
62 39 43
62 39 42
62 39 42
62 39 42
62 39 42
62 39 42
62 39 42
62 39 42
62 39 42
62 39 42
62 50 42
62 39 42
62 49 43
62 39 42
62 49 42
62 39 42
62 49 42
62 39 42
62 49 42
62 42 42
62 39 43
62 39 42
62 39 43
62 39 42
62 39 42
62 39 43
62 41 42
62 42 42
62 39 42
62 39 42
62 39 42
62 39 42
62 41 42
62 39 42
62 39 42
62 39 42
62 49 42
62 39 43
62 39 42
62 39 42
62 39 43
62 39 43
62 39 43
62 39 43
62 39 43
62 39 42
62 39 43
