(8, 0, 8)
(8, 4, 9)
(8, 4, 9)
(8, 4, 9)
(8, 4, 9)
(8, 4, 9)
(8, 4, 9)
(8, 4, 8)
(8, 4, 8)
(8, 4, 8)
(8, 4, 8)
(8, 4, 8)
(8, 4, 8)
(8, 4, 7)
(7, 5, 12)
(44, 5, 9)
(44, 1199, 556)
(45, 1199, 556)
(44, 1199, 2195)
(45, 1199, 560)
(44, 1199, 559)
(44, 1199, 555)
(44, 1199, 557)
(44, 1199, 557)
(44, 1199, 556)
(44, 1199, 556)
(44, 1199, 559)
(44, 1199, 2195)
(45, 1199, 2195)
(44, 1199, 558)
(45, 1199, 559)
(44, 1199, 2196)
(44, 1199, 556)
(44, 1199, 2195)
(45, 1199, 558)
(44, 1199, 557)
(45, 1199, 558)
(47, 1199, 557)
(49, 1199, 2195)
(52, 1199, 553)
(54, 1199, 548)
(56, 1199, 548)
(59, 1199, 2195)
(62, 1199, 2195)
(66, 1199, 545)
(68, 1199, 2195)
(71, 1199, 535)
(73, 1199, 534)
(76, 1199, 2196)
(80, 1199, 2195)
(82, 85, 529)
(82, 85, 2195)
(83, 86, 2195)
(83, 86, 2195)
(83, 86, 2195)
(83, 86, 2194)
(83, 86, 2195)
(83, 86, 2195)
(83, 85, 2195)
(83, 85, 2195)
(83, 85, 2195)
(83, 85, 2195)
(83, 86, 2195)
(83, 85, 2194)
(83, 86, 2195)
(83, 86, 2195)
(83, 85, 2195)
(83, 86, 2195)
(83, 86, 2195)
(83, 86, 2195)
(83, 85, 2195)
(83, 85, 2195)
(84, 87, 2195)
(85, 87, 2195)
(87, 88, 2195)
(88, 89, 2194)
(89, 89, 2195)
(90, 90, 2195)
(91, 91, 2195)
(92, 92, 2195)
(93, 92, 2194)
(94, 93, 100)
(94, 93, 96)
(95, 93, 98)
(95, 94, 99)
(96, 94, 98)
(96, 95, 98)
(96, 95, 98)
(97, 95, 98)
(97, 95, 98)
(97, 95, 100)
(97, 95, 102)
(97, 95, 98)
(98, 95, 101)
(97, 96, 99)
(98, 96, 100)
(98, 96, 102)
(99, 96, 103)
(99, 96, 101)
(99, 96, 103)
(99, 96, 105)
(99, 97, 99)
(99, 97, 102)
(99, 96, 102)
(99, 96, 105)
(99, 96, 2195)
(99, 96, 2195)
(99, 96, 2195)
(99, 96, 2195)
(99, 96, 2195)
(99, 96, 2195)
(99, 96, 2195)
(99, 96, 2195)
(99, 96, 2195)
(99, 96, 2195)
(99, 96, 2195)
(99, 96, 103)
(99, 96, 101)
(99, 96, 103)
(99, 96, 2194)
(99, 96, 2195)
(99, 97, 2195)
(99, 96, 2195)
(99, 96, 2195)
(99, 96, 2195)
(99, 96, 2196)
(100, 96, 2196)
(100, 96, 2196)
(99, 96, 2195)
(100, 98, 2195)
(1196, 1199, 2195)
(1196, 1199, 2195)
(1196, 1199, 2195)
(1196, 1199, 2195)
(1196, 1199, 2195)
(1196, 1199, 2195)
(1196, 1199, 2195)
(1196, 1199, 2195)
(1196, 1199, 2195)
(1196, 1199, 2195)
(1196, 1199, 2195)
(1196, 1199, 2195)
(1196, 1199, 2195)
(1196, 1199, 2195)
(1196, 1199, 2196)
(1196, 1199, 2195)
(1196, 1199, 2195)
(1196, 1199, 2195)
(1196, 1199, 2196)
(1196, 1199, 2195)
(1196, 1199, 2195)
(1196, 1199, 2195)
(1196, 1199, 2196)
(1196, 1199, 2195)
(1196, 1199, 2195)
(1196, 1199, 2195)
(1196, 1199, 2195)
(1196, 1199, 2195)
(1196, 1200, 2195)
(1196, 1199, 2195)
(1196, 1199, 2195)
(1196, 1199, 2195)
(1196, 1199, 2195)
(1196, 1199, 2195)
(321, 1199, 2195)
(1196, 1199, 2195)
(1196, 1199, 2195)
(328, 1199, 2195)
(1196, 1199, 2195)
(1196, 1199, 2195)
(1196, 1199, 2196)
(340, 1199, 2196)
(341, 1199, 2196)
(342, 1199, 2195)
(1196, 1199, 2196)
(1196, 1199, 2196)
(1196, 1199, 2195)
(1196, 1199, 2195)
(1196, 1199, 2195)
(1196, 1199, 2195)
(1196, 1199, 2196)
(1196, 1199, 2196)
(1196, 1199, 2195)
(1196, 1199, 2195)
(1196, 1199, 2196)
(1196, 1199, 2195)
(1196, 1199, 2195)
(1196, 1199, 2195)
(1196, 1199, 2195)
(1196, 1199, 2195)
(1196, 1199, 2194)
(1196, 1199, 2195)
(1196, 40, 2195)
(1196, 99, 2195)
(1196, 1199, 2195)
(1196, 99, 2195)
(1196, 1199, 101)
(1196, 99, 101)
(1196, 99, 101)
(1196, 98, 99)
(1196, 98, 100)
(1196, 98, 99)
(1196, 98, 99)
(1196, 98, 100)
(1196, 98, 99)
(1196, 98, 100)
(1196, 98, 99)
(1196, 98, 100)
(1196, 98, 99)
(1196, 98, 99)
(1196, 98, 100)
(1196, 98, 99)
(1196, 98, 99)
(1196, 98, 100)
(1196, 98, 99)
(1196, 98, 99)
(1196, 98, 99)
(1196, 98, 100)
(1196, 98, 100)
(1196, 98, 99)
(1196, 98, 100)
(1196, 98, 100)
(1196, 98, 99)
(1196, 98, 98)
(1196, 98, 99)
(1196, 98, 99)
(1196, 98, 98)
(1196, 43, 47)
(1196, 97, 98)
(1196, 96, 97)
(16, 46, 45)
(15, 45, 44)
(101, 96, 97)
(100, 96, 97)
(100, 96, 97)
(1196, 96, 97)
(1196, 94, 96)
(1196, 94, 95)
(1196, 93, 94)
(100, 93, 93)
(1196, 93, 94)
(1196, 92, 91)
(1196, 91, 91)
(1196, 90, 90)
(1196, 89, 89)
(1196, 88, 87)
(1196, 87, 87)
(1196, 86, 85)
(1196, 85, 85)
(1196, 85, 84)
(1196, 84, 83)
(1196, 84, 82)
(1196, 84, 82)
(1196, 84, 82)
(1196, 84, 83)
(1196, 84, 83)
(1196, 84, 82)
(1196, 84, 83)
(1196, 84, 83)
(1196, 84, 83)
(1196, 84, 82)
(1196, 84, 83)
(1196, 84, 83)
(1196, 84, 82)
(1196, 84, 82)
(1196, 84, 83)
(1196, 84, 82)
(1196, 84, 83)
(1196, 84, 82)
(1196, 84, 83)
(1196, 84, 82)
(1196, 84, 83)
(1196, 84, 82)
(1196, 84, 82)
(1196, 84, 83)
(1196, 84, 83)
(1196, 84, 83)
(1196, 84, 82)
(1196, 84, 82)
(1196, 84, 83)
(1196, 84, 82)
(1196, 84, 82)
(1196, 84, 82)
(1196, 84, 82)
(1196, 84, 83)
(1196, 84, 82)
(1196, 84, 82)
(1196, 83, 81)
(1196, 83, 80)
(1196, 81, 78)
(1196, 80, 77)
(1196, 78, 76)
(1196, 76, 73)
(1196, 74, 71)
(1196, 72, 69)
(1196, 70, 67)
(1196, 67, 65)
(56, 66, 65)
(1196, 63, 61)
(1196, 1199, 58)
(1196, 1199, 57)
(1196, 1199, 54)
(23, 1199, 322)
(1196, 100, 210)
(1196, 100, 50)
(1196, 100, 50)
(261, 101, 207)
(261, 319, 2195)
(260, 319, 319)
(261, 319, 317)
(261, 319, 319)
(261, 319, 316)
(261, 319, 317)
(261, 319, 317)
(261, 319, 316)
(261, 319, 316)
(261, 319, 318)
(261, 319, 318)
(261, 319, 316)
(260, 319, 318)
(262, 319, 316)
(261, 319, 318)
(1196, 319, 317)
(262, 319, 317)
(262, 319, 317)
(1196, 319, 316)
(1196, 318, 317)
(1196, 319, 151)
(1196, 319, 317)
(1196, 319, 318)
(1196, 319, 320)
(1196, 319, 319)
(1196, 319, 318)
(1196, 319, 319)
(1196, 319, 318)
(261, 319, 318)
(261, 319, 317)
(261, 319, 318)
(260, 319, 317)
(261, 319, 317)
(261, 319, 318)
(261, 319, 317)
(261, 319, 318)
(261, 319, 318)
(261, 319, 319)
(261, 319, 321)
(261, 319, 318)
(261, 319, 318)
(261, 319, 319)
(261, 319, 318)
(261, 319, 318)
(261, 319, 317)
(261, 319, 319)
