(45, 1199, 556)
(45, 1199, 556)
(45, 1199, 2195)
(45, 1159, 0, 2195)
(83, 85, 2195)
(83, 85, 2195)
(83, 85, 2195)
(83, 85, 2195)
(83, 85, 2195)
(83, 85, 2195)
(83, 84, 2196)
(83, 85, 2195)
(83, 85, 2195)
(83, 85, 2195)
(83, 85, 2195)
(83, 85, 2195)
(83, 85, 2195)
(83, 85, 2196)
(83, 85, 2196)
(83, 85, 2195)
(83, 85, 2195)
(83, 85, 2196)
(83, 85, 2195)
(83, 85, 2195)
(83, 85, 2195)
(83, 85, 2196)
(83, 85, 2195)
(83, 85, 2195)
(83, 85, 2195)
(83, 85, 2195)
(83, 85, 2195)
(83, 85, 2196)
(83, 85, 2195)
(83, 85, 2195)
(83, 85, 2195)
(83, 85, 2195)
(83, 85, 2195)
(83, 85, 2195)
(83, 85, 2195)
(83, 85, 2195)
(83, 85, 2195)
(83, 85, 2195)
(83, 85, 2195)
(83, 85, 2195)
(83, 85, 2195)
(83, 85, 2195)
(83, 85, 2196)
(83, 85, 2195)
(83, 85, 2195)
(83, 85, 2195)
(83, 85, 2195)
(83, 85, 2196)
(83, 85, 2195)
(83, 85, 2195)
(83, 85, 2195)
(83, 85, 2195)
(83, 85, 2195)
(83, 85, 2195)
(83, 85, 2195)
(83, 85, 2195)
(83, 85, 2196)
(83, 85, 2196)
(83, 85, 2195)
(83, 85, 2195)
(83, 85, 2195)
(83, 85, 2196)
(83, 85, 2195)
(83, 85, 2195)
(83, 85, 2196)
(83, 85, 2195)
(83, 85, 2195)
(83, 85, 2195)
(83, 85, 2195)
(83, 85, 2196)
(83, 85, 2195)
(83, 85, 2195)
(83, 85, 2195)
(83, 85, 2196)
(83, 85, 2195)
(83, 85, 2195)
(83, 85, 2195)
(83, 85, 2195)
(83, 85, 2195)
(83, 85, 2195)
(83, 85, 2195)
(83, 85, 2195)
(83, 85, 2195)
(83, 85, 2196)
(83, 85, 2195)
(83, 85, 2195)
(83, 85, 2195)
(83, 85, 2195)
(83, 85, 2196)
(83, 85, 2195)
(83, 85, 2195)
(83, 85, 2195)
(83, 85, 2195)
(83, 85, 2196)
(83, 85, 2195)
(83, 85, 2195)
(83, 85, 2195)
(83, 85, 2195)
(83, 85, 2195)
(83, 85, 2196)
(83, 85, 2195)
(83, 85, 2196)
(83, 85, 2195)
(83, 85, 2195)
(83, 85, 2195)
(83, 85, 2195)
(83, 85, 2195)
(83, 85, 2195)
(83, 85, 2195)
(83, 85, 2195)
(83, 85, 2195)
(83, 85, 2195)
(83, 85, 2195)
(83, 85, 2195)
(83, 85, 2195)
(83, 85, 2195)
(83, 85, 2195)
(83, 85, 2195)
(83, 85, 2195)
(83, 85, 2195)
(83, 85, 2196)
(83, 85, 2195)
(83, 85, 2195)
(83, 85, 2195)
(83, 85, 2195)
(83, 85, 2195)
(83, 85, 2195)
(83, 85, 2195)
(83, 85, 2195)
(83, 85, 2196)
(83, 85, 2196)
(83, 85, 2195)
(83, 85, 2195)
(83, 85, 2195)
(83, 85, 2195)
(83, 85, 2195)
(83, 85, 2195)
(83, 85, 2195)
(83, 85, 2195)
(83, 85, 2195)
(83, 85, 2195)
(83, 85, 2195)
(83, 85, 2195)
(83, 85, 2195)
(83, 85, 2195)
(83, 85, 2195)
(83, 85, 2195)
(83, 85, 2195)
(83, 85, 2196)
(83, 85, 2196)
(83, 85, 2195)
(83, 85, 2196)
(83, 85, 2196)
(83, 85, 2196)
(83, 85, 2196)
(83, 85, 2196)
(83, 85, 2196)
(83, 85, 2196)
(83, 85, 2196)
(83, 85, 2195)
(83, 85, 2196)
(83, 85, 2196)
(83, 85, 2195)
(83, 85, 2195)
(83, 85, 2196)
(83, 85, 2196)
(83, 85, 2195)
(83, 85, 2196)
(83, 85, 2196)
(83, 85, 2196)
(83, 85, 2195)
(83, 85, 2195)
(83, 85, 2195)
(83, 85, 2195)
(83, 85, 2195)
(83, 85, 2196)
(83, 85, 2196)
(83, 85, 2196)
(83, 85, 2196)
(83, 85, 2195)
(83, 85, 2195)
(83, 85, 2196)
(83, 85, 2195)
(83, 85, 2195)
(83, 85, 2195)
(83, 85, 2195)
(83, 85, 2195)
(83, 85, 2196)
(83, 85, 2196)
(83, 85, 2195)
(83, 85, 2195)
(83, 85, 2196)
(83, 85, 2195)
(83, 85, 2195)
(83, 85, 2195)
(83, 85, 2195)
(83, 85, 2196)
(83, 85, 2196)
(83, 85, 2195)
(83, 85, 2195)
(83, 85, 2195)
(83, 85, 2195)
(83, 85, 2195)
(83, 85, 2196)
(83, 85, 2195)
(83, 85, 2195)
(83, 85, 2195)
(83, 85, 2195)
(83, 85, 2195)
(83, 85, 2195)
(83, 85, 2195)
(83, 85, 2195)
(83, 85, 2195)
(83, 85, 2195)
(83, 85, 2195)
(83, 85, 2195)
(83, 85, 2195)
(83, 85, 2195)
(83, 85, 2196)
(83, 85, 2195)
(83, 85, 2195)
(83, 85, 2195)
(83, 85, 2196)
(83, 85, 2196)
(83, 85, 2195)
(83, 85, 2195)
(83, 85, 2195)
(83, 85, 2195)
(83, 85, 2196)
(83, 85, 2196)
(83, 85, 2196)
(83, 85, 2196)
(83, 85, 2196)
(83, 85, 2196)
(83, 85, 2196)
(83, 85, 2195)
(83, 85, 2196)
(83, 85, 2195)
(83, 85, 2196)
(83, 85, 2196)
(83, 85, 2195)
(83, 85, 2195)
(83, 85, 2195)
(83, 85, 2196)
(83, 85, 2195)
(83, 85, 2195)
(83, 85, 2195)
(83, 85, 2195)
(83, 85, 2195)
(83, 85, 2195)
(83, 85, 2195)
(83, 85, 2195)
(83, 85, 2195)
(83, 85, 2195)
(83, 85, 2195)
(83, 85, 2196)
(83, 85, 2196)
