12.26
12.26
12.26
12.26
12.23
12.23
11.50
11.62
12.26
12.26
12.26
12.30
12.26
12.26
12.26
12.23
12.26
12.23
12.26
11.62
12.33
12.26
12.26
12.26
12.26
12.26
12.26
12.26
12.23
12.20
12.20
12.26
12.33
12.26
12.26
12.26
12.26
12.26
12.26
12.26
12.26
12.23
12.16
11.50
12.40
12.30
12.26
12.26
12.26
12.26
12.26
12.26
12.23
12.23
12.26
11.47
11.62
12.26
12.30
12.26
12.26
12.30
12.26
12.23
12.26
12.23
12.23
12.23
11.59
12.26
12.30
12.26
12.26
12.26
12.26
12.26
12.26
12.23
12.23
12.20
11.59
12.40
12.26
12.30
12.26
12.26
12.26
12.26
12.26
12.23
12.26
12.20
12.26
12.13
12.33
12.26
12.26
12.26
12.26
12.26
12.26
12.23
12.23
12.20
11.50
12.26
12.33
12.26
12.26
12.26
12.26
12.26
12.26
12.26
12.26
12.23
12.20
11.59
12.33
12.26
12.26
12.26
12.26
12.30
12.23
12.26
12.26
12.23
12.26
11.59
12.40
12.26
12.30
12.26
12.26
12.26
12.26
12.26
12.23
12.23
12.16
12.26
12.37
12.26
12.30
12.26
12.26
12.26
12.26
12.26
12.26
12.26
12.23
11.81
11.65
12.33
12.26
12.30
12.26
12.26
12.26
12.26
12.26
12.23
12.23
11.27
12.26
12.33
12.26
12.26
12.26
12.26
12.26
12.26
12.26
12.23
12.23
12.16
11.50
12.26
12.26
12.26
12.26
12.30
12.26
12.26
12.23
12.26
12.23
12.23
11.50
11.81
12.26
12.26
12.26
12.26
12.23
12.26
12.26
12.26
12.26
12.20
12.26
12.40
12.26
12.30
12.26
12.26
12.26
12.26
12.26
12.23
12.23
12.20
11.50
12.26
12.33
12.23
12.26
12.26
12.26
12.26
12.26
12.26
12.23
12.23
11.47
11.59
12.33
12.26
12.26
12.26
12.23
12.26
12.26
12.26
12.26
12.23
12.26
11.53
12.26
12.26
12.26
12.26
12.26
12.26
12.26
12.26
12.23
12.23
12.23
11.47
11.62
12.23
12.26
12.26
12.26
12.26
12.26
12.26
12.23
12.26
12.23
12.20
11.62
12.33
12.26
12.26
12.26
12.26
12.26
12.26
12.26
12.23
12.26
12.16
12.26
12.33
12.26
12.26
12.26
12.26
12.26
12.26
12.26
12.23
12.23
12.16
11.50
12.26
12.26
12.26
12.26
12.26
12.26
12.26
12.26
12.26
12.23
12.23
11.47
11.62
12.33
12.26
12.26
12.30
12.26
12.26
12.26
12.26
12.26
12.23
12.26
11.59
12.26
12.26
12.26
12.26
12.26
12.26
12.26
12.26
12.26
12.23
12.23
11.47
11.68
12.26
12.26
12.26
12.26
12.26
12.26
12.26
12.26
12.23
12.23
11.47
11.65
12.33
12.26
12.26
12.26
12.26
12.26
12.26
12.26
12.23
12.26
12.23
12.26
11.65
12.33
12.26
12.26
12.26
12.26
12.26
12.26
12.26
12.23
12.20
12.20
12.26
12.33
12.26
12.26
12.26
12.26
12.26
12.26
12.26
12.23
12.23
12.20
11.50
12.37
12.26
12.26
12.26
12.26
12.26
12.26
12.26
12.23
12.23
12.26
11.47
12.26
12.33
12.26
12.26
12.26
12.26
12.26
12.23
12.26
12.23
12.23
12.16
11.50
12.23
12.26
12.26
12.26
12.26
12.26
12.26
12.26
12.26
12.23
12.23
11.47
11.59
12.33
12.26
12.26
12.26
12.26
12.26
12.26
12.26
12.26
12.23
12.26
11.47
11.68
12.26
12.26
12.26
12.26
12.26
12.26
12.26
12.26
12.23
12.20
12.23
11.62
12.26
12.26
12.26
12.26
12.26
12.26
12.26
12.26
12.26
12.20
11.50
11.65
12.33
12.26
12.26
12.26
12.26
12.26
12.26
12.26
12.26
12.26
12.20
12.26
12.40
12.26
12.26
12.26
12.26
12.26
12.26
12.26
12.26
12.23
12.20
11.50
12.26
12.26
12.26
12.26
12.26
12.26
12.30
12.26
12.26
12.23
12.23
12.16
11.50
12.33
12.26
12.26
12.26
12.26
12.26
12.26
12.26
12.26
12.23
12.26
11.50
11.62
12.26
12.26
12.26
12.30
12.26
12.26
12.23
12.26
12.23
12.26
12.26
11.50
12.26
12.26
12.26
12.26
12.26
12.26
12.26
12.26
12.26
12.23
12.23
11.50
11.62
12.26
12.26
12.26
12.26
12.26
12.26
12.26
12.23
12.26
12.23
12.26
11.59
11.27
12.26
12.26
12.40
12.26
12.26
12.26
12.26
12.26
12.23
12.23
12.26
11.59
12.26
12.30
12.26
12.26
12.26
12.26
12.26
12.26
12.23
12.20
12.16
11.59
12.40
12.26
12.26
12.26
12.26
12.26
12.26
12.26
12.26
12.26
12.20
11.50
12.40
12.26
12.26
12.26
12.26
12.26
12.26
12.26
12.23
12.23
12.26
12.20
12.26
12.37
12.26
12.26
12.26
12.26
12.26
12.26
12.26
12.26
12.23
12.23
12.00
11.62
12.33
12.26
12.26
12.26
12.26
12.23
12.26
12.26
12.23
12.26
12.16
11.50
12.37
12.33
12.26
12.26
12.26
12.26
12.26
12.23
12.23
12.23
12.26
12.20
12.26
12.37
12.26
12.30
12.26
12.26
12.26
12.26
12.26
12.26
12.26
12.20
11.50
12.40
12.33
12.26
12.26
12.26
12.30
12.26
12.26
12.26
12.26
12.23
12.20
11.50
12.37
12.26
12.26
12.26
12.26
12.26
12.26
12.26
12.26
12.26
12.26
12.10
12.26
12.33
12.26
12.26
