32.11
29.13
40.79
34.99
32.3123.76
102.46
106.15
100.70
100.70
102.46
100.70
100.70
102.46
94.20
95.75
94.20
100.70
94.20
94.20
94.20
94.20
83.32
100.70
106.15
94.20
100.70
100.70
100.70
95.75
102.46
102.46
95.75
95.75
94.20
94.20
94.20
94.20
73.60
91.24
100.70
94.20
94.20
100.70
100.70
100.70
94.20
94.20
100.70
100.70
94.20
100.70
100.70
94.20
71.72
89.82
106.15
102.46
100.70
100.70
102.46
94.20
100.70
99.00
95.75
94.20
100.70
94.20
100.70
100.70
94.20
91.24
83.32
123.76
106.15
106.15
100.70
94.20
100.70
100.70
100.70
100.70
95.75
100.70
94.20
94.20
94.20
94.20
100.70
72.65
83.32
106.15
106.15
102.46
94.20
99.00
102.46
100.70
92.70
94.20
94.20
94.20
100.70
95.75
94.20
92.70
84.55
134.77
106.15
106.15
95.75
94.20
100.70
94.20
100.70
100.70
94.20
100.70
99.00
100.70
92.70
99.00
100.70
70.81
85.81
106.15
106.15
100.70
100.70
100.70
99.00
100.70
100.70
94.20
95.75
100.70
102.46
100.70
94.20
100.70
92.70
100.70
74.57
91.24
102.46
94.20
102.46
102.46
94.20
95.75
100.70
94.20
94.20
94.20
100.70
94.20
100.70
91.24
100.70
84.55
100.70
100.70
102.46
94.20
102.46
94.20
95.75
102.46
94.20
94.20
94.20
94.20
100.70
94.20
69.06
100.70
134.77
100.70
99.00
94.20
94.20
94.20
94.20
102.46
100.70
102.46
94.20
94.20
100.70
94.20
71.72
83.32
100.70
106.15
102.46
94.20
94.20
94.20
100.70
94.20
94.20
102.46
94.20
100.70
94.20
94.20
92.70
91.24
106.15
95.75
100.70
100.70
100.70
94.20
100.70
100.70
100.70
100.70
100.70
100.70
100.70
94.20
100.70
100.70
94.20
94.20
89.82
134.77
106.15
106.15
100.70
100.70
100.70
100.70
100.70
102.46
102.46
102.46
100.70
102.46
100.70
100.70
94.20
100.70
94.20
94.20
94.20
82.12
88.45
94.20
100.70
94.20
100.70
100.70
95.75
94.20
95.75
94.20
100.70
95.75
100.70
100.70
100.70
99.00
88.45
123.76
106.15
106.15
100.70
100.70
100.70
94.20
102.46
95.75
94.20
94.20
102.46
94.20
100.70
100.70
94.20
100.70
92.70
88.45
134.77
123.76
134.77
94.20
94.20
95.75
100.70
100.70
100.70
102.46
94.20
100.70
100.70
100.70
94.20
100.70
100.70
100.70
94.20
69.06
89.82
106.15
100.70
100.70
100.70
95.75
100.70
95.75
95.75
100.70
95.75
102.46
94.20
100.70
100.70
94.20
100.70
69.06
83.32
134.77
123.76
94.20
95.75
94.20
95.75
100.70
94.20
94.20
100.70
100.70
99.00
94.20
94.20
72.65
91.24
106.15
95.75
94.20
100.70
102.46
92.70
102.46
94.20
100.70
94.20
100.70
100.70
94.20
100.70
94.20
71.72
91.24
123.76
106.15
106.15
100.70
94.20
100.70
100.70
100.70
102.46
100.70
94.20
100.70
100.70
102.46
100.70
100.70
102.46
100.70
100.70
100.70
94.20
71.72
89.82
134.77
106.15
106.15
100.70
100.70
100.70
100.70
94.20
102.46
100.70
100.70
102.46
100.70
100.70
99.00
100.70
100.70
99.00
94.20
99.00
88.45
123.76
100.70
106.15
94.20
100.70
100.70
95.75
102.46
100.70
100.70
100.70
94.20
102.46
100.70
94.20
94.20
100.70
100.70
99.00
73.60
100.70
134.77
94.20
100.70
94.20
100.70
94.20
94.20
94.20
100.70
100.70
100.70
100.70
100.70
99.00
92.70
99.00
88.45
123.76
100.70
106.15
99.00
100.70
94.20
100.70
100.70
100.70
94.20
102.46
92.70
94.20
100.70
100.70
100.70
99.00
99.00
89.82
106.15
94.20
94.20
94.20
100.70
100.70
100.70
100.70
94.20
100.70
100.70
100.70
100.70
100.70
100.70
100.70
100.70
100.70
91.24
74.57
94.20
100.70
100.70
100.70
100.70
94.20
100.70
94.20
100.70
102.46
100.70
100.70
100.70
100.70
102.46
100.70
94.20
99.00
69.06
100.70
134.77
100.70
106.15
94.20
100.70
94.20
100.70
102.46
100.70
94.20
100.70
102.46
100.70
94.20
100.70
100.70
94.20
99.00
102.46
69.93
100.70
134.77
100.70
106.15
94.20
100.70
94.20
102.46
95.75
102.46
102.46
102.46
100.70
100.70
95.75
100.70
92.70
100.70
99.00
94.20
83.32
94.20
100.70
94.20
95.75
95.75
100.70
102.46
94.20
100.70
100.70
100.70
100.70
94.20
92.70
94.20
100.70
83.32
100.70
106.15
100.70
102.46
100.70
94.20
100.70
100.70
100.70
95.75
102.46
100.70
100.70
100.70
100.70
94.20
94.20
94.20
97.35
100.70
91.24
100.70
100.70
94.20
100.70
100.70
102.46
100.70
94.20
100.70
100.70
100.70
94.20
100.70
94.20
100.70
102.46
92.70
100.70
91.24
100.70
102.46
100.70
94.20
100.70
94.20
102.46
100.70
100.70
102.46
100.70
100.70
100.70
100.70
102.46
92.70
100.70
94.20
100.70
94.20
84.55
100.70
95.75
100.70
94.20
100.70
94.20
94.20
94.20
99.00
