22.99
22.89
22.46
22.56
23.90
22.56
22.89
22.89
22.46
22.89
22.78
21.46
22.89
22.89
22.46
22.89
22.89
22.89
22.46
24.02
22.89
22.56
22.99
22.46
22.89
22.46
20.71
22.99
22.99
22.99
22.99
22.46
22.89
22.89
21.17
22.89
22.99
22.89
22.89
22.46
22.89
22.25
23.90
22.99
22.99
22.89
22.46
22.46
22.89
20.90
22.56
22.56
22.46
22.99
22.46
22.89
22.56
21.27
22.56
22.56
22.99
22.46
22.89
22.89
20.27
23.90
22.46
22.89
22.46
22.89
22.89
22.89
21.17
22.99
22.99
22.56
22.56
22.46
22.46
21.95
23.44
22.89
22.89
22.56
22.89
22.89
22.46
21.27
22.89
22.89
22.46
22.56
22.89
22.89
22.78
21.17
22.89
22.99
22.99
22.89
22.46
22.89
20.63
22.46
22.89
22.46
22.56
22.89
22.89
22.56
21.08
23.21
22.56
22.56
22.89
22.89
22.89
22.78
23.90
22.56
22.46
22.89
22.89
22.89
22.89
20.90
22.46
22.56
22.99
22.89
22.99
22.89
22.78
21.27
22.56
22.99
22.46
22.46
22.89
22.46
20.27
22.36
22.99
22.46
22.99
22.56
22.89
22.89
21.46
22.99
22.56
22.89
22.89
22.46
22.78
22.67
22.46
22.99
22.89
22.46
22.89
22.89
22.36
20.36
23.44
22.56
22.46
22.56
22.56
22.89
22.78
21.55
22.99
22.46
22.89
22.46
22.89
22.56
20.36
22.46
22.99
22.89
22.99
22.89
22.46
22.89
21.55
23.21
22.99
22.46
22.89
22.56
22.89
22.67
22.46
22.99
22.56
22.99
22.89
22.89
22.46
20.63
23.44
22.99
22.46
22.99
22.89
22.46
22.78
22.89
23.21
22.46
22.99
22.89
22.46
22.99
22.25
21.55
22.56
22.46
22.46
22.56
22.89
22.89
20.71
23.44
22.46
22.89
22.89
22.56
22.89
22.89
22.89
22.89
22.89
22.56
22.89
22.89
22.89
22.56
21.17
22.56
22.99
22.46
22.99
22.89
22.36
22.89
23.44
22.56
22.46
22.89
22.56
22.46
22.46
21.27
22.46
22.99
22.56
22.89
22.89
22.46
22.46
21.55
22.89
22.99
22.46
22.89
22.46
22.46
20.54
23.21
22.56
22.46
22.99
22.46
22.89
22.78
20.90
22.46
22.56
22.89
22.56
22.46
22.89
22.46
23.90
22.99
22.89
22.56
22.99
22.46
22.78
20.36
22.89
22.99
22.89
22.99
22.89
22.89
22.46
21.55
22.56
22.99
22.56
22.46
22.46
22.46
20.63
23.21
22.89
22.99
22.56
22.89
22.89
22.46
21.46
22.46
22.46
22.89
22.56
22.89
22.46
22.67
21.46
22.46
22.99
22.56
22.89
22.78
22.78
20.36
23.21
22.56
22.46
22.46
22.46
22.46
22.89
21.08
23.21
22.99
22.99
22.89
22.89
22.89
22.67
23.55
22.56
22.89
22.46
22.89
22.46
22.89
20.36
22.46
22.56
22.89
22.89
22.89
22.89
22.46
21.08
22.89
22.89
22.99
22.46
22.89
22.46
22.46
22.46
22.89
22.46
22.46
22.56
22.46
22.46
20.36
23.90
22.56
22.99
22.46
22.89
22.89
22.25
21.17
22.46
22.89
22.46
22.89
22.89
22.89
20.27
23.55
22.56
22.56
22.99
22.99
22.89
22.78
21.08
22.56
22.46
22.89
22.46
22.89
22.46
20.27
22.56
22.46
22.56
22.89
22.89
22.46
22.78
20.90
23.21
22.46
22.99
22.46
22.46
22.89
22.46
22.46
22.56
22.89
22.89
22.56
22.78
22.78
20.27
23.67
22.56
22.56
22.46
22.89
22.46
22.36
20.90
22.56
22.46
22.56
22.46
22.46
22.89
22.36
21.46
22.89
22.56
22.56
22.46
22.46
22.46
20.63
24.02
22.89
22.99
22.46
22.89
22.46
22.78
22.89
22.99
22.46
22.89
22.56
22.89
22.46
20.63
21.17
22.56
22.99
22.89
22.56
22.46
22.36
22.46
23.21
22.89
22.99
22.56
22.89
22.89
22.25
21.55
22.46
22.99
22.46
22.56
22.89
22.36
20.63
23.90
22.89
22.46
22.46
22.56
22.56
22.36
20.63
23.21
22.99
22.89
22.46
22.89
22.36
22.36
21.17
22.56
22.56
22.46
22.46
22.89
22.89
22.89
23.55
22.56
22.99
22.89
22.56
22.89
22.89
20.36
23.21
22.99
22.46
22.99
22.89
22.89
22.89
21.36
22.89
22.99
22.56
22.56
22.89
22.46
22.36
23.55
22.89
22.46
22.89
22.89
22.89
22.78
20.36
22.78
22.89
22.89
22.56
22.46
22.46
22.78
21.55
22.56
22.89
22.99
22.89
22.46
22.89
22.46
23.44
22.99
22.89
22.89
22.89
22.89
22.89
20.71
22.46
22.99
22.99
22.89
22.46
22.89
22.89
21.17
22.99
22.46
22.99
22.46
22.46
22.46
