33.83
33.83
31.51
34.05
34.05
34.05
34.05
34.05
34.05
34.05
34.05
33.83
30.19
31.91
34.05
34.05
34.05
34.05
34.05
34.05
34.05
33.83
34.05
31.71
37.01
34.05
34.05
34.05
34.05
34.05
34.05
33.83
33.83
30.19
31.91
33.83
34.05
34.05
34.05
34.05
34.05
34.05
33.83
33.60
31.51
36.74
34.05
34.05
34.05
34.05
34.05
34.05
33.83
33.83
33.83
31.91
34.05
34.05
33.83
34.05
34.05
34.05
34.05
33.83
33.83
31.32
37.01
34.05
34.05
34.05
34.05
34.05
34.05
34.05
33.83
33.83
31.91
34.05
34.05
34.05
34.05
34.05
34.05
33.83
33.83
33.60
31.32
36.74
34.05
34.05
34.05
34.05
34.05
34.05
34.05
33.83
29.48
37.01
34.05
34.05
34.05
34.05
34.05
34.05
34.05
33.83
22.99
34.05
34.05
34.05
34.05
34.05
34.05
34.05
34.05
34.05
33.38
30.93
34.99
34.05
34.05
34.05
33.83
34.05
33.83
34.05
33.83
29.48
34.05
34.05
34.05
34.05
34.05
34.05
34.05
33.83
33.83
33.60
30.93
36.48
34.05
34.05
34.05
33.83
34.05
33.83
33.83
33.83
29.48
34.05
34.05
34.05
34.05
34.05
34.05
33.83
34.05
33.83
33.60
31.71
34.99
34.05
34.05
34.05
33.83
34.05
34.05
33.83
34.05
30.93
37.01
34.05
34.05
34.28
34.05
33.83
34.05
33.83
33.83
29.48
31.91
33.83
34.05
34.05
34.05
34.05
34.05
33.83
33.83
33.83
30.93
37.01
34.05
34.05
34.05
34.05
34.05
34.05
34.05
33.83
34.05
31.91
34.05
34.05
34.05
34.05
34.05
34.05
34.05
34.05
33.60
31.71
36.74
34.05
34.05
34.05
34.05
33.60
34.05
34.05
33.83
34.05
36.74
34.05
33.83
34.05
34.05
34.05
34.05
34.05
33.83
29.48
31.91
34.05
34.05
34.05
34.05
34.05
34.05
34.05
34.05
33.83
30.19
37.01
34.05
34.05
34.05
34.05
34.05
34.05
34.05
33.83
33.83
34.05
36.48
34.05
34.05
34.05
34.05
34.05
34.05
34.05
33.83
30.19
37.01
34.05
34.05
34.05
34.05
34.05
33.83
33.83
33.83
33.60
33.83
34.05
34.05
34.05
34.05
34.05
33.83
34.05
33.83
33.60
30.93
36.48
34.05
34.05
34.05
34.05
34.05
34.05
33.83
34.05
30.19
33.83
34.05
34.05
33.83
34.05
34.05
34.05
33.83
33.83
30.19
31.91
34.05
34.05
34.05
33.83
34.05
34.05
34.05
33.83
34.05
31.51
36.74
34.05
34.05
34.05
34.05
34.05
34.05
33.83
33.60
31.32
36.74
34.05
34.05
34.05
34.05
34.05
34.05
33.83
33.83
29.48
32.32
34.05
34.05
33.83
34.05
34.05
33.83
34.05
33.83
33.60
33.83
36.48
34.05
34.05
34.05
34.05
34.05
34.05
33.83
33.83
29.48
37.01
34.05
34.05
33.83
33.83
34.05
34.05
34.05
34.05
33.60
33.83
36.48
34.05
34.05
34.05
34.05
34.05
34.05
34.05
33.60
30.19
36.48
34.05
33.83
34.05
34.05
34.05
33.83
34.05
34.05
29.48
31.32
34.05
34.05
34.05
33.83
34.05
34.05
33.83
33.83
33.83
29.48
33.83
34.05
34.05
34.05
33.83
34.05
34.05
33.83
33.83
33.60
30.19
36.74
34.05
34.05
34.05
34.05
34.05
34.05
33.83
33.83
29.30
33.83
34.05
34.05
34.05
33.83
34.05
34.05
33.83
33.83
33.60
30.93
36.48
34.05
34.05
34.05
34.05
34.05
34.05
34.05
34.05
30.19
33.83
34.05
34.05
34.05
34.05
34.05
34.05
33.83
33.83
33.60
30.19
36.48
34.05
34.05
34.05
34.05
34.05
34.05
33.83
34.05
30.19
31.71
34.05
34.05
34.05
34.05
34.05
34.05
33.83
33.83
33.38
31.32
34.05
34.05
34.05
34.05
34.05
34.05
34.05
33.83
33.83
30.19
31.91
34.05
34.05
33.83
33.83
34.05
34.05
34.05
33.83
34.05
31.51
34.05
34.05
34.05
34.05
34.05
33.83
34.05
34.05
33.83
30.93
37.01
33.83
34.05
33.83
34.05
34.05
34.05
34.05
33.83
33.83
31.71
34.05
34.05
34.05
34.05
34.05
34.05
34.05
33.83
33.83
30.19
37.01
33.83
34.05
34.05
34.05
34.05
34.05
34.05
33.83
33.60
31.71
36.74
34.05
34.05
34.05
34.05
33.83
34.05
33.83
33.60
34.05
37.01
34.05
34.05
33.83
34.05
34.05
34.05
34.05
33.83
29.48
31.91
34.05
34.05
34.05
34.05
34.05
34.05
33.83
34.05
33.60
33.83
37.01
34.05
34.05
34.05
34.05
34.05
34.05
33.83
33.83
29.30
31.91
34.05
34.05
34.05
33.83
34.05
34.05
34.05
33.83
33.60
34.05
36.74
34.05
34.05
34.05
34.05
34.05
33.83
34.05
33.83
30.19
37.01
34.05
34.05
34.05
34.05
34.05
34.05
34.05
34.05
33.38
31.32
