46.57
46.57
46.17
46.57
46.17
46.17
42.80
47.83
46.57
46.57
46.57
46.57
46.57
46.57
46.17
46.17
46.17
42.80
46.57
46.57
46.17
46.57
46.57
46.17
46.57
46.57
46.17
45.77
42.11
47.83
46.57
46.57
46.57
46.17
46.57
46.57
46.17
46.57
45.77
46.17
52.52
46.57
46.57
46.57
46.57
46.17
46.17
46.57
46.17
46.17
38.96
52.52
46.57
46.57
46.57
46.57
46.57
46.57
46.57
46.17
46.17
38.96
43.15
46.57
46.57
46.17
46.57
46.57
46.17
46.17
46.57
46.17
38.67
46.57
46.99
46.17
46.57
46.57
46.57
46.17
46.17
46.17
46.17
45.77
42.80
47.83
46.57
46.57
46.17
46.57
46.17
46.57
46.17
46.17
46.17
42.11
40.48
46.17
46.17
46.57
46.57
46.17
46.57
46.17
46.57
46.17
38.67
46.17
46.99
46.17
46.57
46.57
46.57
46.57
46.57
46.17
46.17
46.17
42.80
47.83
46.57
46.57
46.57
46.57
46.17
46.17
46.17
46.17
46.17
42.80
46.57
46.57
46.57
46.57
46.57
46.57
46.17
46.17
46.17
45.77
38.96
47.83
46.57
46.57
46.57
46.57
46.57
46.57
46.57
46.57
45.77
38.96
52.52
46.57
46.57
46.57
46.17
46.57
46.57
46.57
46.57
46.17
45.77
43.15
46.57
46.57
46.57
46.57
46.57
46.17
46.17
46.57
46.17
34.99
42.11
47.83
46.57
46.17
46.57
46.57
46.17
46.17
46.57
46.57
46.17
46.17
52.52
46.57
46.57
46.57
46.57
46.57
46.57
46.57
46.57
46.17
38.67
43.15
46.17
46.57
46.17
46.57
46.57
46.57
46.57
46.17
46.57
38.67
42.80
46.99
46.57
46.57
46.57
46.57
46.57
46.17
46.17
46.57
45.38
46.57
47.83
46.57
46.57
46.17
46.57
46.57
46.57
46.17
46.17
46.17
42.11
52.52
46.57
46.57
46.57
46.57
46.17
46.57
46.57
46.17
46.17
42.11
46.57
46.57
46.57
46.57
46.57
46.17
46.17
46.17
46.17
46.17
38.67
43.51
46.99
46.17
46.57
46.17
46.57
46.57
46.57
46.57
46.17
45.77
42.80
47.83
46.17
46.57
46.17
46.57
46.17
46.57
46.17
46.57
46.17
38.96
46.57
46.57
46.17
46.57
46.57
46.57
46.57
46.57
46.17
46.17
38.96
52.52
46.57
46.57
46.57
46.57
46.17
46.17
46.57
46.57
46.17
46.57
43.15
47.83
46.57
46.57
46.57
46.57
46.17
46.57
46.17
46.17
45.38
42.80
46.57
46.17
46.57
46.57
46.57
46.17
46.17
46.17
46.17
45.77
42.11
47.83
46.17
46.57
46.57
46.57
46.57
46.17
46.17
46.57
46.17
46.17
51.52
46.57
46.57
46.57
46.57
46.57
46.17
46.17
46.17
46.17
38.96
43.15
46.17
46.57
46.17
46.57
46.17
46.57
46.17
46.17
46.57
38.38
42.11
47.83
46.57
46.57
46.57
46.57
46.57
46.57
46.57
46.17
46.17
46.17
52.52
46.57
46.57
46.17
46.57
46.57
46.17
46.57
46.17
46.17
38.96
43.15
46.57
46.57
46.57
46.57
46.17
46.17
46.17
46.17
46.57
38.67
46.57
47.83
46.57
46.57
46.57
46.57
46.17
46.17
46.17
46.17
45.77
42.11
52.52
46.57
46.57
46.17
46.57
46.17
46.57
46.57
46.17
46.17
38.96
43.15
46.57
46.57
46.57
46.57
46.57
46.57
46.57
46.17
46.17
45.77
46.57
47.83
46.57
46.57
46.57
46.17
46.57
46.17
46.57
46.17
46.17
42.11
52.52
46.57
46.57
46.17
46.57
46.17
46.57
46.17
46.17
46.57
38.67
43.15
47.83
46.57
46.57
46.57
46.17
46.57
46.17
46.57
46.17
46.17
46.17
47.83
46.57
46.57
46.57
46.57
46.57
46.57
46.57
46.17
46.17
42.11
43.15
46.57
46.57
46.57
46.57
46.17
46.57
46.17
46.17
46.17
38.67
46.17
46.99
46.57
46.17
46.57
46.57
46.57
46.57
46.57
46.57
44.99
43.15
47.83
46.17
46.57
46.17
46.57
46.57
46.17
46.57
46.17
45.77
43.15
47.83
46.57
46.17
46.57
46.57
46.57
46.57
46.17
46.17
46.57
38.96
46.57
46.57
46.17
46.57
46.57
46.17
46.57
46.57
46.17
46.17
45.77
43.15
47.83
46.57
46.57
46.57
46.57
46.17
46.57
46.17
46.17
46.57
38.96
46.57
46.57
46.57
46.57
46.57
46.17
46.57
46.57
46.57
46.17
38.96
52.52
46.57
46.57
46.17
46.17
46.57
46.57
46.57
46.17
46.17
45.77
43.15
47.83
46.57
46.17
46.57
46.17
46.17
46.57
46.17
46.17
46.17
42.80
46.57
46.57
46.17
46.17
46.57
46.17
46.17
46.17
46.17
45.77
42.11
47.83
46.57
46.17
46.57
46.17
46.57
46.57
46.57
46.57
46.17
46.57
52.52
47.83
46.17
46.57
46.57
46.57
46.17
46.57
46.17
46.17
38.67
43.15
46.17
46.57
46.17
46.57
46.17
46.57
46.57
46.17
