56.35
56.35
56.35
55.77
55.77
56.35
55.77
55.77
56.35
56.35
56.35
55.77
55.77
55.20
48.27
63.53
60.73
56.35
55.77
56.35
56.35
56.35
56.35
55.77
55.77
55.77
55.77
55.77
56.35
56.35
56.35
55.77
55.77
55.77
45.38
51.52
55.77
56.35
55.77
56.35
55.77
56.35
55.77
55.77
56.35
56.35
55.77
56.35
55.77
56.35
55.77
56.35
55.77
55.20
48.27
65.03
56.94
55.77
56.35
56.35
56.35
55.77
56.35
56.35
56.35
55.77
56.35
56.35
56.35
55.77
56.35
55.77
55.20
48.27
64.27
55.77
56.35
55.77
55.77
56.35
55.77
56.35
55.77
56.35
56.35
56.35
56.35
56.35
56.35
55.77
56.35
55.77
55.20
51.52
65.03
56.35
56.35
55.77
55.77
55.77
56.35
56.35
56.35
56.35
56.35
56.35
55.77
55.77
55.77
55.77
55.77
55.77
44.99
51.52
55.77
55.77
55.77
55.77
55.77
55.77
56.35
56.35
55.77
55.77
56.35
55.77
55.77
56.35
56.35
56.35
55.77
55.77
55.20
50.07
65.03
55.77
56.35
55.77
56.35
55.77
56.35
56.35
55.77
56.35
56.35
56.35
56.35
56.35
55.77
56.35
55.77
55.20
51.52
64.27
56.35
56.35
55.77
56.35
55.77
55.77
55.77
55.77
56.35
55.77
55.77
55.77
55.77
56.35
56.35
55.77
55.77
45.38
51.52
58.15
56.35
55.77
55.77
55.77
55.77
55.77
56.35
55.77
56.35
55.77
56.35
56.35
56.35
56.35
55.77
55.77
55.20
48.27
65.03
58.15
55.77
56.35
55.77
56.35
55.77
56.35
56.35
55.77
56.35
55.77
56.35
55.77
55.77
55.77
55.77
55.77
55.20
51.03
65.03
55.77
55.77
55.77
56.35
55.77
55.77
55.77
56.35
56.35
56.35
55.77
55.77
56.35
56.35
56.35
55.20
54.65
51.52
63.53
56.35
56.35
55.77
55.77
56.35
56.35
56.35
56.35
56.35
56.35
56.35
55.77
56.35
56.35
56.35
55.20
51.03
55.77
56.94
55.77
56.35
55.77
56.35
56.35
55.20
55.77
56.35
56.35
55.77
55.77
56.35
56.35
55.20
48.27
65.03
60.73
56.35
56.35
55.77
56.35
55.77
55.77
55.77
55.77
56.35
56.35
55.77
55.77
56.35
55.77
55.77
55.77
55.77
44.99
51.03
55.77
55.77
55.77
55.77
56.35
56.35
56.35
56.35
56.35
56.35
56.35
56.35
56.35
55.77
56.35
55.77
55.77
45.38
51.52
58.15
55.77
55.77
56.35
55.77
55.77
56.35
56.35
55.77
56.35
56.35
55.77
56.35
55.77
56.35
56.35
55.77
55.77
55.20
51.52
63.53
55.77
56.35
55.77
56.35
55.77
55.77
55.77
56.35
56.35
56.35
55.77
56.35
56.35
56.35
55.77
55.77
55.20
51.52
65.03
55.77
55.77
55.77
56.35
55.77
55.77
56.35
56.35
55.77
55.77
56.35
55.77
56.35
55.77
56.35
55.20
54.10
51.52
60.73
55.77
56.35
55.77
56.35
55.77
55.77
56.35
56.35
56.35
55.77
55.77
56.35
56.35
55.77
56.35
55.20
48.27
65.03
60.73
55.77
55.77
55.77
56.35
55.77
55.77
55.77
55.77
56.35
56.35
56.35
55.77
56.35
56.35
56.35
55.20
48.27
64.27
60.73
56.35
55.77
55.77
55.77
55.20
56.35
56.35
56.35
56.35
56.35
56.35
56.35
55.77
55.77
55.77
45.38
51.52
55.77
56.35
55.77
56.35
55.77
56.35
55.77
56.35
56.35
55.77
56.35
56.35
56.35
55.77
56.35
55.77
55.20
50.07
65.03
56.35
56.35
55.77
56.35
55.77
56.35
56.35
56.35
55.77
55.77
55.77
56.35
56.35
55.77
55.77
56.35
55.77
44.99
51.52
58.15
56.35
55.77
56.35
55.77
56.35
55.77
55.20
56.35
56.35
56.35
56.35
55.77
56.35
55.77
55.20
50.07
58.15
54.10
56.35
56.35
55.77
56.35
55.77
56.35
56.35
56.35
55.77
55.77
56.35
55.77
55.77
56.35
55.20
51.52
63.53
55.77
56.35
55.77
56.35
55.77
56.35
55.77
55.77
55.77
55.77
56.35
56.35
56.35
56.35
55.77
55.77
55.20
51.52
65.03
55.77
55.77
55.77
56.35
55.77
56.35
55.77
55.20
56.35
56.35
56.35
56.35
55.77
55.77
56.35
55.20
48.27
65.03
55.77
56.35
56.35
55.77
56.35
55.77
56.35
56.35
55.77
53.57
56.35
56.35
56.35
56.35
55.77
55.20
51.52
63.53
56.35
56.35
53.57
56.35
55.77
56.35
55.77
55.77
55.77
55.77
55.77
55.77
56.35
55.77
53.57
55.20
50.07
60.73
56.94
56.35
56.35
55.77
55.77
55.77
56.35
55.77
56.35
55.77
56.35
56.35
55.77
56.35
55.77
55.20
48.27
51.52
56.35
