64.27
62.81
63.53
64.27
63.53
63.53
63.53
63.53
62.81
63.53
50.07
58.15
73.60
63.53
63.53
64.27
64.27
63.53
63.53
63.53
63.53
63.53
63.53
63.53
63.53
63.53
63.53
63.53
63.53
63.53
62.81
51.03
59.42
63.53
64.27
63.53
63.53
63.53
64.27
63.53
64.27
64.27
64.27
64.27
63.53
63.53
63.53
64.27
63.53
63.53
62.81
61.41
63.53
58.15
63.53
63.53
63.53
63.53
63.53
64.27
63.53
63.53
64.27
64.27
63.53
63.53
64.27
63.53
64.27
63.53
63.53
63.53
62.81
63.53
50.07
63.53
75.57
63.53
63.53
64.27
64.27
63.53
63.53
63.53
63.53
64.27
64.27
64.27
63.53
63.53
63.53
63.53
63.53
63.53
63.53
51.03
63.53
66.59
63.53
64.27
64.27
63.53
63.53
64.27
64.27
63.53
63.53
63.53
64.27
63.53
63.53
63.53
63.53
63.53
63.53
64.27
56.35
60.73
75.57
64.27
64.27
64.27
64.27
64.27
64.27
63.53
63.53
63.53
63.53
63.53
63.53
63.53
63.53
63.53
63.53
62.81
62.81
56.35
58.15
73.60
64.27
63.53
64.27
63.53
64.27
63.53
63.53
63.53
63.53
62.81
63.53
64.27
63.53
63.53
63.53
63.53
63.53
63.53
50.55
58.15
75.57
64.27
63.53
63.53
63.53
64.27
64.27
63.53
63.53
63.53
63.53
63.53
63.53
64.27
64.27
63.53
63.53
63.53
62.81
51.03
58.78
66.59
63.53
63.53
64.27
63.53
63.53
64.27
64.27
63.53
64.27
63.53
64.27
64.27
63.53
63.53
63.53
63.53
62.81
62.81
56.35
58.15
73.60
64.27
63.53
64.27
63.53
64.27
63.53
63.53
63.53
63.53
64.27
63.53
62.81
63.53
63.53
63.53
63.53
63.53
62.81
50.55
58.15
75.57
63.53
63.53
63.53
63.53
64.27
63.53
63.53
64.27
64.27
64.27
63.53
63.53
63.53
64.27
63.53
63.53
63.53
62.81
50.07
58.15
63.53
66.59
63.53
63.53
63.53
64.27
64.27
64.27
63.53
64.27
63.53
64.27
64.27
63.53
64.27
63.53
64.27
63.53
63.53
64.27
50.55
63.53
75.57
63.53
63.53
63.53
64.27
64.27
63.53
64.27
63.53
64.27
63.53
64.27
63.53
64.27
63.53
63.53
63.53
62.81
63.53
51.03
63.53
66.59
63.53
63.53
63.53
63.53
64.27
64.27
64.27
63.53
63.53
63.53
64.27
63.53
63.53
63.53
63.53
63.53
63.53
63.53
50.55
64.27
66.59
63.53
64.27
64.27
64.27
64.27
63.53
64.27
63.53
64.27
62.81
63.53
63.53
63.53
63.53
63.53
63.53
63.53
63.53
50.55
56.35
75.57
63.53
64.27
64.27
63.53
64.27
63.53
63.53
63.53
63.53
63.53
64.27
63.53
64.27
63.53
63.53
63.53
63.53
62.81
51.03
58.78
66.59
66.59
64.27
63.53
63.53
63.53
63.53
63.53
62.81
63.53
63.53
64.27
63.53
64.27
64.27
63.53
63.53
63.53
62.81
50.07
58.15
75.57
63.53
64.27
64.27
63.53
63.53
63.53
63.53
63.53
63.53
63.53
64.27
63.53
64.27
63.53
63.53
63.53
63.53
63.53
50.55
58.15
75.57
63.53
63.53
64.27
63.53
63.53
63.53
64.27
63.53
63.53
63.53
63.53
63.53
63.53
63.53
63.53
63.53
63.53
63.53
50.55
58.15
75.57
63.53
63.53
63.53
63.53
63.53
63.53
63.53
64.27
63.53
64.27
64.27
64.27
64.27
63.53
63.53
63.53
63.53
63.53
50.07
58.78
63.53
66.59
64.27
64.27
63.53
63.53
63.53
64.27
63.53
63.53
63.53
63.53
63.53
64.27
63.53
63.53
63.53
62.81
63.53
63.53
51.03
63.53
66.59
63.53
63.53
63.53
63.53
64.27
63.53
63.53
64.27
64.27
63.53
63.53
63.53
64.27
63.53
63.53
63.53
63.53
63.53
50.55
63.53
75.57
63.53
63.53
63.53
63.53
64.27
64.27
63.53
63.53
64.27
63.53
63.53
63.53
63.53
63.53
63.53
63.53
63.53
63.53
50.07
63.53
75.57
66.59
63.53
63.53
64.27
64.27
63.53
64.27
63.53
63.53
63.53
63.53
63.53
64.27
63.53
63.53
63.53
63.53
63.53
50.07
58.15
75.57
64.27
64.27
63.53
64.27
64.27
64.27
64.27
63.53
63.53
63.53
64.27
63.53
63.53
63.53
63.53
63.53
62.81
63.53
50.55
58.15
75.57
63.53
63.53
64.27
63.53
63.53
64.27
63.53
63.53
63.53
63.53
64.27
63.53
63.53
63.53
63.53
63.53
63.53
63.53
50.55
58.15
75.57
63.53
64.27
63.53
64.27
63.53
63.53
64.27
63.53
63.53
63.53
64.27
64.27
63.53
63.53
63.53
63.53
63.53
63.53
50.55
58.15
75.57
64.27
64.27
64.27
63.53
64.27
62.81
63.53
63.53
63.53
63.53
64.27
64.27
63.53
64.27
63.53
63.53
63.53
63.53
62.81
50.55
76.59
66.59
63.53
64.27
63.53
63.53
63.53
64.27
63.53
63.53
64.27
63.53
63.53
64.27
64.27
64.27
64.27
63.53
63.53
62.81
50.55
76.59
66.59
64.27
64.27
66.59
64.27
63.53
63.53
64.27
64.27
63.53
63.53
63.53
63.53
63.53
63.53
63.53
62.81
63.53
62.10
51.03
63.53
66.59
63.53
63.53
63.53
63.53
63.53
64.27
64.27
63.53
64.27
63.53
63.53
63.53
63.53
63.53
63.53
63.53
63.53
64.27
51.03
64.27
75.57
63.53
64.27
64.27
63.53
63.53
63.53
64.27
63.53
63.53
63.53
63.53
64.27
63.53
63.53
63.53
63.53
63.53
63.53
50.55
64.27
75.57
63.53
64.27
64.27
63.53
63.53
63.53
63.53
63.53
64.27
63.53
63.53
63.53
64.27
63.53
63.53
63.53
63.53
63.53
62.81
62.81
57.54
58.15
66.59
63.53
64.27
63.53
63.53
64.27
64.27
63.53
64.27
63.53
63.53
64.27
63.53
64.27
63.53
64.27
63.53
63.53
63.53
50.55
58.15
76.59
65.03
63.53
64.27
63.53
64.27
63.53
63.53
63.53
63.53
63.53
63.53
63.53
