74.57
74.57
74.57
57.54
58.15
66.59
92.70
74.57
74.57
74.57
75.57
72.65
74.57
74.57
74.57
74.57
74.57
74.57
57.54
58.78
69.06
91.24
74.57
74.57
74.57
74.57
74.57
74.57
74.57
74.57
74.57
74.57
73.60
57.54
74.57
91.24
74.57
74.57
74.57
74.57
74.57
74.57
74.57
74.57
74.57
74.57
74.57
56.94
58.78
74.57
89.82
74.57
75.57
74.57
75.57
75.57
74.57
74.57
74.57
74.57
74.57
74.57
58.15
65.80
92.70
74.57
74.57
74.57
74.57
74.57
74.57
74.57
74.57
74.57
74.57
73.60
73.60
66.59
92.70
75.57
74.57
74.57
74.57
74.57
74.57
74.57
74.57
74.57
74.57
74.57
57.54
74.57
91.24
82.12
74.57
74.57
74.57
75.57
74.57
75.57
74.57
74.57
74.57
74.57
74.57
61.41
74.57
75.57
74.57
75.57
74.57
75.57
74.57
74.57
74.57
74.57
74.57
73.60
73.60
65.80
66.59
89.82
74.57
75.57
75.57
74.57
74.57
74.57
74.57
74.57
74.57
74.57
73.60
57.54
64.27
68.22
82.12
74.57
74.57
75.57
74.57
74.57
74.57
74.57
74.57
74.57
74.57
74.57
74.57
68.22
92.70
73.60
74.57
75.57
74.57
74.57
74.57
74.57
74.57
74.57
74.57
74.57
57.54
74.57
92.70
74.57
74.57
74.57
74.57
74.57
74.57
74.57
74.57
74.57
74.57
74.57
57.54
58.15
66.59
91.24
74.57
74.57
74.57
75.57
74.57
74.57
74.57
74.57
74.57
74.57
74.57
58.15
65.80
91.24
74.57
74.57
74.57
74.57
74.57
74.57
74.57
75.57
74.57
74.57
74.57
73.60
66.59
68.22
77.64
74.57
74.57
74.57
74.57
75.57
74.57
74.57
74.57
74.57
74.57
73.60
74.57
92.70
74.57
74.57
74.57
75.57
75.57
74.57
74.57
74.57
74.57
74.57
74.57
57.54
61.41
74.57
75.57
74.57
75.57
74.57
74.57
74.57
74.57
74.57
74.57
74.57
74.57
73.60
64.27
66.59
91.24
75.57
75.57
74.57
74.57
74.57
74.57
74.57
74.57
74.57
74.57
73.60
57.54
68.22
92.70
74.57
74.57
74.57
74.57
74.57
74.57
74.57
74.57
74.57
74.57
74.57
72.65
74.57
92.70
75.57
75.57
74.57
74.57
74.57
74.57
74.57
74.57
74.57
74.57
74.57
56.94
58.15
74.57
82.12
74.57
75.57
74.57
74.57
74.57
74.57
74.57
74.57
74.57
74.57
74.57
58.78
66.59
92.70
75.57
74.57
74.57
74.57
75.57
74.57
74.57
74.57
74.57
74.57
73.60
58.78
66.59
92.70
73.60
75.57
74.57
74.57
74.57
73.60
74.57
74.57
74.57
74.57
74.57
58.15
74.57
89.82
75.57
74.57
73.60
75.57
74.57
74.57
74.57
74.57
74.57
73.60
73.60
74.57
69.06
74.57
74.57
74.57
74.57
74.57
74.57
74.57
74.57
74.57
74.57
74.57
72.65
57.54
68.22
71.72
74.57
74.57
74.57
75.57
74.57
74.57
74.57
74.57
74.57
74.57
74.57
72.65
58.15
69.06
91.24
75.57
74.57
74.57
74.57
74.57
74.57
74.57
74.57
74.57
74.57
74.57
58.15
74.57
91.24
75.57
75.57
75.57
74.57
75.57
74.57
74.57
74.57
74.57
73.60
74.57
74.57
92.70
74.57
74.57
74.57
74.57
74.57
74.57
75.57
75.57
74.57
74.57
73.60
56.94
58.15
68.22
92.70
74.57
74.57
74.57
75.57
74.57
74.57
74.57
74.57
74.57
74.57
74.57
58.78
64.27
92.70
77.64
74.57
74.57
74.57
74.57
73.60
74.57
74.57
74.57
74.57
74.57
74.57
58.78
66.59
91.24
74.57
74.57
74.57
74.57
75.57
74.57
74.57
74.57
74.57
74.57
74.57
74.57
67.40
74.57
82.12
74.57
74.57
75.57
74.57
74.57
74.57
74.57
74.57
75.57
74.57
73.60
58.15
66.59
74.57
74.57
74.57
74.57
74.57
74.57
74.57
74.57
74.57
74.57
74.57
74.57
28.63
66.59
92.70
74.57
74.57
74.57
74.57
74.57
75.57
74.57
74.57
74.57
73.60
74.57
56.94
58.78
69.06
91.24
74.57
74.57
74.57
74.57
74.57
74.57
74.57
74.57
73.60
74.57
74.57
71.72
74.57
92.70
74.57
74.57
74.57
74.57
74.57
74.57
74.57
74.57
74.57
74.57
74.57
57.54
64.27
74.57
77.64
74.57
75.57
74.57
74.57
74.57
74.57
74.57
74.57
74.57
73.60
72.65
65.80
69.06
77.64
75.57
74.57
74.57
74.57
74.57
74.57
75.57
75.57
74.57
74.57
73.60
57.54
68.22
91.24
74.57
75.57
74.57
75.57
74.57
74.57
74.57
74.57
74.57
73.60
74.57
58.15
74.57
82.12
74.57
74.57
75.57
