883.32
83.32
84.55
83.32
83.32
83.32
83.32
83.32
83.32
82.12
83.32
83.32
67.40
75.57
102.46
92.70
83.32
83.32
84.55
83.32
83.32
83.32
83.32
83.32
83.32
83.32
82.12
62.81
63.53
75.57
104.27
83.32
83.32
83.32
83.32
83.32
83.32
83.32
83.32
84.55
83.32
84.55
83.32
62.81
74.57
106.15
104.27
104.27
83.32
83.32
83.32
84.55
83.32
83.32
82.12
83.32
83.32
83.32
83.32
83.32
83.32
75.57
106.15
87.11
83.32
83.32
83.32
84.55
83.32
84.55
83.32
83.32
83.32
83.32
83.32
83.32
74.57
83.32
87.11
82.12
83.32
83.32
84.55
84.55
83.32
83.32
83.32
83.32
83.32
83.32
62.81
74.57
82.12
84.55
83.32
84.55
83.32
83.32
83.32
83.32
83.32
83.32
83.32
83.32
83.32
62.81
74.57
104.27
104.27
83.32
83.32
83.32
83.32
83.32
83.32
83.32
83.32
83.32
83.32
83.32
83.32
83.32
74.57
77.64
83.32
83.32
83.32
83.32
83.32
83.32
83.32
83.32
83.32
83.32
83.32
83.32
83.32
75.57
106.15
84.55
83.32
84.55
84.55
83.32
83.32
83.32
83.32
83.32
83.32
83.32
82.12
83.32
74.57
83.32
84.55
84.55
84.55
83.32
83.32
83.32
83.32
83.32
83.32
83.32
83.32
83.32
62.81
67.40
83.32
104.27
83.32
83.32
83.32
83.32
83.32
83.32
84.55
83.32
83.32
83.32
83.32
83.32
49.61
75.57
104.27
83.32
83.32
83.32
83.32
83.32
83.32
83.32
83.32
83.32
83.32
83.32
83.32
79.82
75.57
106.15
92.70
84.55
83.32
83.32
83.32
84.55
83.32
83.32
83.32
83.32
83.32
82.12
82.12
67.40
75.57
84.55
83.32
83.32
83.32
83.32
83.32
83.32
83.32
83.32
84.55
83.32
83.32
83.32
67.40
83.32
106.15
106.15
84.55
83.32
83.32
83.32
83.32
84.55
83.32
84.55
83.32
83.32
83.32
82.12
83.32
67.40
82.12
92.70
83.32
83.32
83.32
83.32
83.32
83.32
83.32
83.32
83.32
83.32
83.32
62.10
67.40
83.32
92.70
83.32
83.32
83.32
84.55
83.32
84.55
83.32
83.32
83.32
83.32
83.32
82.12
62.81
75.57
106.15
82.12
83.32
83.32
83.32
84.55
83.32
83.32
83.32
83.32
83.32
83.32
83.32
83.32
74.57
76.59
84.55
83.32
83.32
83.32
83.32
83.32
83.32
83.32
83.32
83.32
84.55
83.32
83.32
70.81
75.57
84.55
83.32
84.55
83.32
83.32
84.55
83.32
84.55
83.32
84.55
83.32
83.32
83.32
74.57
83.32
87.11
83.32
83.32
83.32
84.55
83.32
83.32
84.55
83.32
83.32
83.32
83.32
80.96
62.81
83.32
106.15
84.55
84.55
83.32
83.32
83.32
84.55
84.55
83.32
83.32
83.32
83.32
83.32
82.12
67.40
75.57
102.46
102.46
83.32
83.32
83.32
83.32
84.55
83.32
84.55
84.55
84.55
83.32
84.55
83.32
82.12
74.57
75.57
83.32
83.32
83.32
84.55
83.32
83.32
83.32
83.32
83.32
83.32
83.32
83.32
82.12
67.40
75.57
92.70
83.32
83.32
84.55
83.32
83.32
83.32
83.32
83.32
83.32
83.32
83.32
83.32
67.40
74.57
104.27
102.46
83.32
84.55
83.32
83.32
83.32
83.32
83.32
83.32
83.32
84.55
84.55
83.32
83.32
67.40
83.32
102.46
104.27
83.32
84.55
84.55
83.32
83.32
83.32
83.32
83.32
83.32
83.32
83.32
83.32
83.32
74.57
83.32
87.11
83.32
83.32
83.32
83.32
84.55
83.32
83.32
83.32
83.32
83.32
83.32
82.12
67.40
83.32
106.15
83.32
83.32
83.32
84.55
83.32
83.32
83.32
83.32
83.32
83.32
83.32
83.32
83.32
67.40
75.57
92.70
83.32
83.32
83.32
83.32
83.32
83.32
83.32
83.32
83.32
83.32
83.32
83.32
67.40
74.57
104.27
92.70
84.55
83.32
83.32
83.32
83.32
82.12
83.32
83.32
83.32
83.32
83.32
82.12
62.81
75.57
106.15
92.70
84.55
83.32
83.32
83.32
84.55
83.32
83.32
82.12
83.32
83.32
83.32
83.32
62.81
82.12
106.15
106.15
82.12
83.32
83.32
83.32
83.32
83.32
83.32
83.32
83.32
83.32
83.32
83.32
83.32
62.81
83.32
76.59
83.32
84.55
83.32
83.32
84.55
84.55
83.32
83.32
83.32
83.32
83.32
83.32
80.96
83.32
106.15
83.32
83.32
84.55
83.32
83.32
84.55
83.32
83.32
84.55
83.32
83.32
83.32
83.32
62.81
74.57
106.15
106.15
83.32
84.55
83.32
83.32
83.32
83.32
83.32
83.32
83.32
83.32
83.32
83.32
83.32
63.53
67.40
106.15
106.15
102.46
102.46
83.32
83.32
83.32
83.32
83.32
83.32
83.32
83.32
83.32
83.32
83.32
83.32
82.12
74.57
75.57
84.55
84.55
83.32
83.32
83.32
83.32
83.32
83.32
83.32
83.32
83.32
83.32
83.32
67.40
74.57
104.27
102.46
84.55
83.32
83.32
83.32
83.32
84.55
83.32
84.55
83.32
83.32
82.12
83.32
82.12
74.57
76.59
84.55
83.32
83.32
83.32
83.32
83.32
83.32
83.32
83.32
83.32
83.32
83.32
83.32
62.81
83.32
106.15
106.15
92.70
83.32
84.55
83.32
83.32
83.32
84.55
84.55
83.32
83.32
83.32
