94.20
106.15
106.15
94.20
95.75
94.20
95.75
94.20
94.20
94.20
94.20
94.20
88.45
94.20
79.82
94.20
94.20
94.20
94.20
94.20
94.20
95.75
88.45
92.70
94.20
94.20
70.81
84.55
106.15
106.15
94.20
94.20
94.20
94.20
94.20
94.20
94.20
94.20
94.20
92.70
67.40
84.55
123.76
106.15
106.15
94.20
95.75
95.75
95.75
88.45
94.20
94.20
94.20
94.20
94.20
94.20
84.55
94.20
94.20
94.20
94.20
95.75
95.75
88.45
94.20
94.20
94.20
94.20
69.06
84.55
94.20
95.75
94.20
94.20
94.20
94.20
95.75
94.20
94.20
94.20
94.20
69.93
84.55
106.15
106.15
94.20
94.20
94.20
95.75
88.45
94.20
94.20
94.20
94.20
94.20
92.70
83.32
85.81
94.20
94.20
94.20
94.20
94.20
94.20
92.70
94.20
94.20
94.20
94.20
84.55
94.20
94.20
94.20
94.20
94.20
94.20
95.75
94.20
94.20
94.20
94.20
67.40
84.55
106.15
99.00
94.20
94.20
94.20
94.20
94.20
94.20
94.20
94.20
94.20
91.24
83.32
123.76
123.76
106.15
106.15
94.20
95.75
94.20
95.75
94.20
94.20
94.20
94.20
94.20
94.20
94.20
84.55
123.76
106.15
106.15
95.75
94.20
94.20
94.20
94.20
95.75
94.20
94.20
94.20
94.20
94.20
84.55
94.20
88.45
94.20
94.20
95.75
94.20
94.20
94.20
94.20
94.20
94.20
69.93
84.55
106.15
106.15
94.20
94.20
94.20
95.75
95.75
95.75
94.20
94.20
94.20
94.20
87.11
83.32
123.76
106.15
106.15
94.20
95.75
94.20
94.20
94.20
94.20
94.20
94.20
94.20
94.20
92.70
83.32
87.11
95.75
94.20
95.75
94.20
94.20
94.20
94.20
94.20
94.20
94.20
94.20
83.32
94.20
94.20
94.20
94.20
94.20
95.75
94.20
95.75
94.20
94.20
92.70
69.06
74.57
106.15
106.15
94.20
94.20
94.20
94.20
94.20
95.75
94.20
94.20
94.20
94.20
91.24
84.55
123.76
106.15
99.00
95.75
94.20
94.20
94.20
94.20
94.20
94.20
94.20
92.70
68.22
95.75
123.76
123.76
106.15
106.15
94.20
94.20
94.20
94.20
94.20
94.20
94.20
94.20
94.20
94.20
94.20
84.55
94.20
94.20
95.75
94.20
94.20
95.75
95.75
94.20
94.20
94.20
94.20
69.06
83.32
106.15
106.15
94.20
95.75
94.20
88.45
94.20
94.20
94.20
94.20
94.20
94.20
92.70
84.55
123.76
106.15
106.15
94.20
94.20
94.20
94.20
95.75
94.20
94.20
94.20
94.20
94.20
87.11
82.12
123.76
106.15
106.15
94.20
94.20
94.20
94.20
94.20
94.20
94.20
94.20
94.20
94.20
94.20
84.55
94.20
94.20
88.45
94.20
88.45
94.20
95.75
89.82
94.20
94.20
94.20
69.06
83.32
95.75
94.20
94.20
94.20
94.20
94.20
94.20
94.20
94.20
94.20
94.20
67.40
83.32
106.15
106.15
94.20
95.75
94.20
95.75
94.20
94.20
94.20
94.20
94.20
94.20
94.20
84.55
123.76
106.15
106.15
88.45
89.82
94.20
94.20
94.20
94.20
94.20
94.20
94.20
94.20
94.20
84.55
94.20
95.75
94.20
94.20
94.20
94.20
94.20
94.20
94.20
95.75
94.20
69.93
84.55
106.15
106.15
95.75
95.75
94.20
94.20
94.20
94.20
94.20
95.75
95.75
94.20
94.20
74.57
85.81
95.75
94.20
94.20
95.75
94.20
94.20
94.20
94.20
94.20
94.20
94.20
83.32
123.76
106.15
106.15
94.20
94.20
95.75
95.75
94.20
95.75
94.20
95.75
94.20
94.20
95.75
69.93
94.20
99.00
94.20
94.20
94.20
95.75
95.75
94.20
94.20
94.20
94.20
91.24
83.32
123.76
123.76
94.20
94.20
94.20
94.20
94.20
94.20
94.20
94.20
94.20
94.20
94.20
69.93
83.32
106.15
106.15
94.20
95.75
94.20
94.20
92.70
94.20
94.20
94.20
94.20
94.20
94.20
84.55
123.76
106.15
106.15
94.20
89.82
94.20
94.20
94.20
94.20
94.20
94.20
94.20
94.20
94.20
84.55
94.20
95.75
95.75
94.20
94.20
94.20
94.20
88.45
94.20
92.70
94.20
69.93
84.55
106.15
106.15
94.20
95.75
94.20
94.20
92.70
94.20
95.75
94.20
94.20
92.70
92.70
84.55
123.76
106.15
106.15
95.75
95.75
94.20
89.82
89.82
95.75
94.20
94.20
94.20
94.20
94.20
74.57
84.55
99.00
94.20
95.75
94.20
89.82
94.20
94.20
94.20
94.20
94.20
94.20
69.93
94.20
106.15
94.20
94.20
94.20
94.20
94.20
94.20
94.20
94.20
92.70
94.20
92.70
84.55
123.76
94.20
94.20
