8
7
8
8
8
8
8
8
8
7
8
7
6
6
9
8
5
5
4
5
4
4
5
7
8
8
6
7
6
6
5
5
5
5
4
6
3
5
2
2
3
2
2
4
3
4
5
5
3
4
4
4
4
4
4
3
3
3
4
4
75
75
75
75
75
75
75
75
75
75
75
75
75
75
75
75
75
75
75
75
75
74
75
75
75
75
75
75
75
76
76
76
76
75
76
73
74
74
80
141
80
81
142
80
143
75
75
76
76
76
77
85
86
146
146
78
78
79
80
148
148
149
149
82
82
82
82
83
82
83
83
84
84
84
84
84
84
84
84
84
84
84
84
84
84
84
84
84
84
84
83
83
82
151
150
150
149
148
148
83
82
146
85
143
142
76
74
73
73
73
74
74
73
71
134
132
131
130
128
127
126
125
124
124
124
124
124
123
122
121
120
120
119
118
118
116
115
114
112
111
110
109
107
106
103
101
99
97
96
95
94
93
94
93
93
92
91
90
89
88
86
85
84
83
82
80
79
77
76
75
75
74
74
73
72
71
70
69
68
67
66
65
64
63
63
62
61
61
60
60
60
60
59
58
57
56
56
56
55
54
52
51
50
49
47
47
46
43
41
40
39
38
37
35
33
32
32
31
31
30
31
29
29
28
26
28
25
26
25
26
27
25
23
22
22
20
18
17
17
17
17
16
15
14
14
13
12
12
12
12
12
12
12
12
12
12
12
12
12
12
11
13
13
15
16
18
19
22
22
24
27
27
29
30
33
36
38
40
40
42
43
45
46
49
49
51
54
55
57
58
60
62
63
64
65
66
67
68
70
72
74
76
78
80
82
84
85
87
88
90
91
92
93
95
95
97
99
100
102
104
105
107
109
109
111
111
112
112
112
113
113
114
114
115
115
116
116
116
117
117
117
117
117
118
118
119
119
119
120
120
120
121
121
122
123
123
123
124
124
125
125
126
127
128
128
129
129
130
130
130
131
131
132
132
132
132
132
133
133
133
134
134
134
134
70
135
70
135
135
135
135
136
136
136
136
136
136
136
136
136
70
70
71
71
74
71
137
74
138
138
138
138
138
138
138
138
138
138
138
138
73
71
71
71
71
72
71
72
72
72
72
72
71
71
71
72
72
72
72
72
72
72
72
72
72
72
72
72
72
72
72
72
71
72
72
72
72
72
72
72
72
72
72
72
72
73
72
71
72
73
72
72
72
73
72
73
73
73
73
74
74
74
75
75
76
76
77
83
78
78
78
86
87
84
80
80
81
84
85
84
88
81
81
88
82
82
82
83
83
84
86
87
87
87
86
85
85
85
85
85
84
85
84
85
85
85
85
86
85
85
85
86
86
86
86
