115
116
115
115
116
107
11115
115
115
115
115
115
115
115
115
115
115
115
115
115
115
115
115
115
115
115
115
92
85
79
69
62
50
115
115
68
115
115
115
115
115
115
115
115
115
115
115
115
92
110
69
115
115
115
115
115
115
115
115
115
115
115
115
115
115
115
115
115
115
115
115
115
115
115
115
115
115
115
115
115
115
115
115
115
115
115
116
115
115
115
115
115
115
115
115
115
115
115
115
115
115
115
115
116
115
115
115
115
115
116
115
115
115
115
116
115
115
116
115
115
115
115
115
115
115
115
116
115
116
115
115
115
115
115
115
115
115
115
115
116
116
115
116
115
115
116
115
115
115
115
115
116
115
115
116
115
116
115
115
116
115
115
116
115
115
116
115
115
116
115
115
116
115
116
115
115
115
115
115
115
115
115
115
115
115
115
115
115
115
115
115
115
115
115
115
115
115
115
115
115
115
115
115
115
115
115
116
116
116
116
116
116
116
116
116
116
116
116
116
116
116
116
116
116
116
116
116
116
116
116
116
116
116
116
116
116
116
116
116
116
116
116
116
116
116
116
116
116
116
116
117
117
117
116
117
117
117
117
117
117
117
117
117
117
117
117
117
117
117
117
116
116
116
116
116
116
116
116
116
116
116
116
116
116
116
116
116
116
116
116
116
116
116
116
116
116
116
116
116
116
116
116
116
116
116
116
116
116
116
116
116
116
116
116
116
116
116
116
116
118
119
121
123
124
125
125
125
125
125
125
125
125
125
125
125
125
125
125
125
125
125
125
126
126
126
127
129
130
131
131
132
132
70
70
133
134
71
72
71
71
72
71
72
72
72
72
72
72
72
72
71
72
72
72
71
134
73
134
134
134
134
134
134
134
134
134
134
134
134
134
134
134
134
134
134
134
134
134
134
134
134
134
134
134
134
134
134
134
134
134
134
134
134
134
134
134
134
134
134
134
134
134
134
70
70
70
132
132
132
132
132
132
132
132
132
132
132
132
132
132
132
133
133
133
133
133
133
133
70
134
135
73
73
73
73
73
73
74
136
136
136
136
136
136
136
136
136
136
136
136
74
75
72
74
73
73
73
73
73
73
73
73
73
72
73
73
73
73
73
73
73
73
73
73
73
73
74
73
73
73
73
73
73
73
73
73
73
73
73
73
73
73
73
73
73
73
73
73
73
73
73
73
73
73
73
73
73
73
73
73
73
73
73
73
73
73
73
73
73
73
73
73
73
73
73
73
73
73
73
73
73
73
73
73
73
73
73
73
73
73
73
73
73
73
73
73
73
73
73
73
73
73
73
73
73
73
73
73
73
73
73
73
73
73
73
73
73
73
73
73
73
73
73
73
73
73
73
73
73
73
73
73
73
73
73
73
73
73
73
73
73
73
73
73
73
73
73
73
73
73
73
73
73
73
73
73
