116
115
115
116
115
116
116
116
116
116
116
116
115
116
116
115
116
116
116
115
116
116
116
116
116
116
116
116
116
116
115
116
115
115
116
116
115
116
116
116
116
115
116
116
115
116
116
115
116
116
115
116
116
115
116
115
115
116
116
116
116
115
116
116
115
56
89
116
115
116
116
116
114
116
116
102
115
56
116
116
104
116
115
116
74
77
56
116
116
112
57
115
116
116
116
116
115
115
116
115
116
116
116
115
116
115
116
115
116
116
115
115
116
116
116
116
116
116
116
115
115
116
115
115
116
115
115
116
115
116
115
115
116
115
116
116
115
115
116
115
99
