30 0 28
30 116 28
30 83 28
29 84 28
30 116 28
29 84 28
29 84 28
29 84 28
29 84 28
29 83 28
29 83 28
29 84 28
29 84 28
29 84 28
30 83 28
29 84 28
29 84 28
29 56 28
29 84 28
29 85 28
29 85 28
29 85 28
29 83 28
29 83 28
29 84 28
29 84 28
29 56 28
29 84 28
29 84 28
29 84 28
29 116 28
29 84 28
29 84 28
29 84 28
29 84 28
29 84 28
29 84 28
29 84 28
29 84 28
29 56 28
29 84 28
29 84 28
29 56 28
29 84 28
29 84 28
30 116 28
30 116 28
30 116 28
30 116 28
30 116 28
30 116 28
30 116 28
30 116 28
30 116 28
30 116 28
30 116 28
30 116 28
30 84 28
30 116 28
30 116 28
30 116 28
29 56 28
29 116 28
29 116 28
29 84 28
29 84 28
29 84 28
29 116 28
29 84 28
29 116 28
29 116 28
29 116 28
29 116 28
29 116 28
29 116 28
29 116 28
29 116 28
29 116 28
29 56 28
29 116 28
29 116 28
29 116 28
29 84 28
29 116 28
29 116 28
29 116 28
29 116 28
29 56 28
29 116 28
29 84 28
29 116 28
29 116 28
29 116 28
30 116 28
29 116 28
29 116 28
29 116 28
29 116 28
29 56 28
30 115 28
29 116 28
29 84 28
29 84 28
29 84 28
29 116 28
29 84 28
29 84 28
29 116 28
29 84 28
29 84 28
29 84 28
29 84 28
29 84 28
29 56 28
29 84 28
29 84 28
29 84 28
29 84 28
29 84 28
29 84 28
29 116 28
29 84 28
29 116 28
29 84 28
29 84 28
29 84 28
29 84 28
29 84 28
29 83 28
29 84 28
29 116 28
29 84 28
29 84 28
29 84 28
29 84 28
29 84 28
29 84 28
29 56 28
29 84 28
29 84 28
29 85 28
29 84 28
29 84 28
29 84 28
29 56 28
29 84 28
29 84 28
29 85 28
29 84 28
29 83 28
29 84 28
29 84 28
29 84 28
29 56 28
29 85 28
30 116 28
29 84 28
29 85 28
29 84 28
29 84 28
29 56 28
30 115 28
29 84 28
29 84 28
29 84 28
29 56 28
29 85 28
29 84 28
29 84 28
29 84 28
29 84 28
29 84 28
29 84 28
29 56 28
29 84 28
29 84 28
29 85 28
29 84 28
29 84 28
29 84 28
29 84 28
29 84 28
29 84 28
29 84 28
29 84 28
29 84 28
29 84 28
29 84 28
29 84 28
29 56 28
29 84 28
29 83 28
29 84 28
29 83 28
29 84 28
29 84 28
29 84 28
29 84 28
29 84 28
29 84 28
29 84 28
29 56 28
29 84 28
29 84 28
29 84 28
29 116 28
29 116 28
29 84 28
29 84 28
29 84 28
29 84 28
29 84 28
29 84 28
29 84 28
29 84 28
29 84 28
29 56 28
29 84 28
29 84 28
29 84 28
29 84 28
29 84 28
29 84 28
29 84 28
29 84 28
29 56 28
29 84 28
29 84 28
29 84 28
29 84 28
29 85 28
29 84 28
29 56 28
29 84 28
29 116 28
29 85 28
29 84 28
29 85 28
29 84 28
29 84 28
29 84 28
29 84 28
29 84 28
29 56 28
29 85 28
29 84 28
29 84 28
29 84 28
29 84 28
29 84 28
29 84 28
29 84 28
29 84 28
29 56 28
29 85 28
29 84 28
29 84 28
29 84 28
29 84 28
29 84 28
29 84 28
29 84 28
29 84 28
29 56 28
29 84 28
29 84 28
29 84 28
29 84 28
29 84 28
29 84 28
29 85 28
29 84 28
29 84 28
29 56 28
29 83 28
29 84 28
29 84 28
29 116 28
29 85 28
29 84 28
29 84 28
29 84 28
29 84 28
29 84 28
29 84 28
29 84 28
29 56 28
29 85 28
29 84 28
29 85 28
29 84 28
29 85 28
29 84 28
29 84 28
29 56 28
29 85 28
29 84 28
29 84 28
29 84 28
29 84 28
29 84 28
29 56 28
29 84 28
29 116 28
29 84 28
29 84 28
29 84 28
29 85 28
29 116 28
29 84 28
29 85 28
29 116 28
29 84 28
29 116 28
29 85 28
29 84 28
29 84 28
29 84 28
29 84 28
29 56 28
29 116 28
29 116 28
29 85 28
29 84 28
29 116 28
29 84 28
29 85 28
29 116 28
29 84 28
29 84 28
29 84 28
29 84 28
29 84 28
29 84 28
29 84 28
29 56 28
29 84 28
29 116 28
29 84 28
29 84 28
29 84 28
29 84 28
29 84 28
29 84 28
29 84 28
29 84 28
29 84 28
29 56 28
29 85 28
29 116 28
29 84 28
29 84 28
29 84 28
29 84 28
29 83 28
29 84 28
29 83 28
29 84 28
29 85 28
29 84 28
29 84 28
28 116 28
30 116 28
30 108 28
28 56 28
28 96 28
28 56 28
28 84 28
28 98 28
28 101 28
28 98 28
28 94 28
