28 0 111
28 38 43
28 38 43
28 38 43
28 38 44
28 38 43
28 38 43
28 38 43
28 38 44
28 38 45
28 38 45
28 39 44
28 38 44
28 39 44
28 38 44
28 38 44
28 38 45
28 38 45
28 38 44
28 38 43
28 38 44
28 38 44
28 38 44
28 38 45
28 38 44
28 38 43
28 38 44
28 38 44
28 38 44
28 38 43
28 38 45
28 38 45
28 38 45
28 38 44
28 38 43
28 38 44
28 38 43
28 38 44
28 38 45
28 38 45
28 38 44
28 38 44
28 39 42
28 38 44
28 38 44
28 38 43
28 38 43
28 39 44
28 38 44
28 38 43
28 38 44
28 38 44
28 38 45
28 38 45
28 38 44
28 38 46
28 38 45
28 38 45
28 38 45
28 38 46
28 38 109
28 38 109
28 38 109
28 38 45
28 38 46
28 38 45
28 38 45
28 38 44
28 38 44
28 38 44
28 38 46
28 38 45
28 38 46
28 38 46
28 38 46
28 38 47
28 38 44
28 38 46
28 38 44
28 38 45
28 38 46
28 38 46
28 38 46
28 38 46
28 38 47
28 38 45
28 38 45
28 38 46
28 38 46
28 38 46
28 38 45
28 38 46
28 38 45
28 38 46
28 38 45
28 38 45
28 38 44
28 38 45
28 38 45
28 38 45
28 38 44
28 38 44
28 38 46
28 38 44
28 38 45
28 38 45
28 38 46
28 38 46
28 38 46
28 38 45
28 38 45
28 38 45
28 38 45
28 38 45
28 38 45
28 38 46
28 38 45
28 38 46
28 38 45
28 38 44
28 38 44
28 38 44
28 38 44
28 38 46
28 38 44
28 38 44
28 38 45
28 38 44
28 38 44
28 38 44
28 38 45
28 38 44
28 38 45
28 38 43
28 38 45
28 38 45
28 38 44
28 38 45
28 38 45
28 38 44
28 38 45
28 38 45
28 38 43
28 38 44
28 38 44
28 38 44
28 38 45
28 38 44
28 38 45
28 38 44
28 38 46
28 38 45
28 38 45
28 38 44
28 38 46
28 38 46
28 38 44
28 38 45
28 38 43
28 38 44
28 38 45
28 38 44
28 38 45
28 38 45
28 38 44
28 38 44
28 38 46
28 38 45
28 38 44
28 38 45
28 38 45
29 38 44
28 38 45
29 39 42
29 38 44
29 38 43
29 38 44
28 38 44
29 38 43
28 38 44
28 38 44
29 38 43
29 38 44
28 38 45
29 38 44
28 38 44
28 38 45
28 38 44
28 38 44
28 38 46
28 38 46
28 38 45
28 38 45
28 38 45
28 38 45
28 38 45
28 38 44
28 38 45
28 38 45
29 38 43
28 38 44
28 38 45
28 38 46
28 38 45
28 38 45
28 38 46
28 38 45
28 38 45
28 38 44
28 38 44
28 38 44
28 38 45
28 38 45
28 38 45
28 38 44
28 38 44
28 40 43
28 38 45
28 38 45
28 38 46
28 38 44
29 38 44
28 38 45
28 38 46
28 38 45
28 38 44
28 38 45
28 38 44
28 38 46
28 38 44
28 38 44
28 38 45
28 38 45
28 38 43
28 38 45
28 38 43
28 38 44
28 38 44
28 38 45
28 38 45
28 38 45
28 38 44
28 38 46
28 38 45
28 38 44
28 38 46
28 38 44
28 38 45
28 38 44
28 38 45
28 38 45
28 38 45
28 38 46
29 38 45
28 38 46
28 38 46
29 38 44
28 38 46
28 38 46
28 38 108
28 38 46
28 38 46
29 38 112
29 38 112
29 38 45
29 38 44
29 38 44
28 38 45
28 38 44
28 38 46
28 38 45
29 38 110
29 38 46
29 38 46
28 38 46
29 38 44
29 38 43
29 38 44
29 38 45
29 38 44
29 38 44
29 38 44
29 38 43
29 38 43
29 38 44
29 38 44
29 38 43
28 38 45
29 38 43
29 38 45
29 38 46
29 38 44
29 38 44
29 38 45
28 38 44
29 38 44
29 38 44
28 38 45
28 38 44
28 38 45
28 38 44
28 38 43
28 38 45
28 38 44
28 38 44
28 38 44
28 38 45
28 38 44
28 38 45
28 38 45
28 38 44
28 38 44
28 38 45
28 38 46
28 38 45
28 38 46
28 38 44
28 38 45
28 38 44
29 38 43
29 38 44
29 38 42
29 38 44
29 38 44
29 38 44
29 38 43
29 38 43
29 38 43
29 38 43
28 38 43
29 38 44
28 38 45
28 38 44
28 38 45
28 38 44
28 38 45
29 38 43
28 38 45
28 38 43
28 38 43
28 38 45
28 38 44
28 38 45
28 38 44
28 38 44
28 38 44
28 38 44
28 38 44
28 38 44
28 38 44
28 38 44
28 38 45
28 38 44
28 38 45
28 38 44
28 38 45
28 38 44
28 38 44
28 38 44
28 38 43
28 38 45
28 38 45
28 38 44
28 38 46
28 38 45
28 38 45
28 38 46
28 38 45
28 38 44
28 38 44
28 38 45
28 38 45
28 38 45
28 38 45
28 38 45
28 38 45
28 38 44
28 38 44
28 38 45
28 38 43
28 38 44
28 38 45
28 38 44
28 38 44
28 38 43
28 38 45
28 38 44
28 38 43
28 38 45
28 38 44
28 38 43
28 38 44
28 38 45
28 38 45
28 38 45
28 38 44
28 38 45
28 38 45
28 38 44
