11 37 54
11 38 53
11 37 54
1113 0 56
12 20 56
12 20 56
12 21 57
12 21 57
12 21 57
12 20 57
12 19 57
13 21 56
13 21 57
12 21 57
12 21 56
12 20 57
12 21 57
12 21 57
13 21 56
13 20 57
12 21 56
12 20 57
12 20 57
12 20 57
12 20 56
12 20 57
12 21 56
12 19 57
13 19 57
13 20 57
13 20 56
13 20 56
12 20 56
12 20 57
12 20 57
12 20 56
12 20 56
12 20 57
12 20 56
12 20 56
12 20 56
12 20 57
12 19 57
12 21 56
13 20 57
13 20 56
13 20 57
12 20 56
12 20 56
12 20 57
12 21 57
12 20 55
12 20 57
12 20 57
12 20 57
12 21 56
13 20 56
13 20 56
13 20 57
12 20 58
12 20 57
12 21 57
12 20 57
12 20 56
12 20 56
12 21 56
13 21 57
13 20 56
13 20 56
12 21 56
12 20 57
12 20 56
12 20 56
12 20 57
12 20 56
12 20 55
12 20 56
12 20 56
12 21 56
12 20 56
12 20 56
12 19 57
13 19 56
13 19 55
13 19 57
13 20 57
13 20 56
12 21 56
12 20 58
12 20 56
12 20 56
12 20 56
12 21 57
12 20 57
12 20 56
12 19 57
13 19 57
13 20 57
13 20 56
12 20 57
12 20 57
12 20 56
12 20 56
12 20 56
12 20 56
12 20 56
12 20 57
12 20 57
12 20 56
12 20 56
12 20 56
12 19 56
12 19 56
13 19 57
13 20 56
13 20 56
13 20 56
12 20 56
12 20 57
12 20 56
12 20 57
12 20 55
12 20 56
12 20 57
12 20 56
12 20 57
12 20 56
12 20 57
12 20 56
12 19 56
12 19 57
13 20 56
13 20 56
13 20 56
13 20 56
12 20 57
12 20 56
12 20 57
12 20 57
12 20 57
12 20 56
12 20 56
12 20 56
12 20 56
12 20 56
12 20 56
12 19 57
13 19 56
13 20 56
13 20 56
13 20 56
13 20 56
13 20 56
12 21 56
12 20 57
12 20 56
12 20 56
12 20 55
12 20 56
12 20 56
12 20 56
12 20 57
12 20 57
12 19 56
12 19 56
13 19 57
13 20 56
13 20 56
13 20 56
12 20 56
12 20 55
12 20 56
12 20 56
12 20 57
12 20 56
12 20 57
12 20 55
12 20 56
12 20 55
12 20 56
12 20 56
12 20 57
12 20 56
12 19 56
12 21 56
13 20 56
13 20 56
13 20 56
13 20 57
12 20 56
12 20 56
12 20 56
12 20 56
12 20 56
12 20 56
12 20 55
12 20 56
12 20 56
12 20 56
12 20 57
12 20 57
12 19 56
13 19 55
13 19 55
13 19 56
13 20 56
13 20 56
13 20 56
13 20 56
12 21 56
12 20 56
12 20 57
12 20 56
12 20 57
12 20 55
12 20 56
12 20 56
12 20 56
12 20 56
12 20 57
12 20 57
12 19 57
13 20 56
13 20 56
13 20 56
13 20 56
12 20 55
12 20 56
12 20 56
12 20 57
12 20 56
12 20 57
12 20 57
12 20 57
12 20 57
12 20 57
13 19 56
13 20 57
13 20 56
13 20 56
12 20 56
12 20 56
12 20 57
12 20 57
12 20 56
12 20 56
12 20 57
12 20 57
12 20 56
12 20 56
12 20 56
12 19 56
12 19 57
13 20 57
13 20 57
13 20 56
12 21 57
12 20 56
12 20 57
12 20 56
12 20 56
12 20 56
12 20 55
12 20 57
12 20 56
12 20 56
12 20 56
12 19 56
12 19 56
13 19 55
13 19 55
13 19 56
13 20 57
13 20 56
13 20 56
12 20 56
12 20 56
12 21 56
12 20 56
12 20 56
12 20 55
12 20 56
12 20 57
12 20 56
12 20 57
12 20 56
12 20 56
12 20 56
12 19 56
12 19 56
12 19 55
12 19 57
13 20 56
13 20 55
13 20 56
13 20 56
13 20 56
12 20 56
12 20 55
12 21 55
12 20 56
12 20 57
12 20 57
12 20 57
12 20 55
12 20 56
12 20 55
12 20 56
12 20 56
12 20 57
12 20 56
12 19 56
12 19 56
13 19 57
13 20 56
13 20 56
12 20 56
12 20 56
12 20 56
12 20 56
12 20 56
12 20 56
12 20 56
12 20 57
12 20 56
12 20 56
12 20 57
12 20 56
12 20 56
12 19 57
13 19 57
13 20 56
13 20 57
12 20 57
12 20 56
12 20 56
12 20 56
12 20 56
12 20 57
12 20 57
12 20 56
12 20 55
12 20 56
12 20 57
12 20 56
12 20 56
12 20 57
13 19 56
13 20 56
13 20 56
13 20 56
13 20 56
13 20 57
12 20 56
12 20 55
12 20 56
12 20 56
12 20 55
12 20 57
12 20 57
12 20 56
12 21 56
12 20 56
12 20 56
12 20 56
12 20 57
12 19 56
13 20 57
13 20 56
13 20 56
12 20 56
12 20 56
12 20 56
