28 0 111
28 56 98
28 56 100
28 56 99
28 56 98
28 56 97
28 56 101
28 56 100
28 56 103
28 56 101
28 56 99
28 56 99
28 56 97
28 56 99
28 56 100
28 56 99
28 56 98
28 56 103
28 56 98
28 56 99
28 56 100
28 56 100
28 56 100
28 56 98
28 56 101
28 56 100
28 56 100
28 56 100
28 56 100
28 56 99
28 56 101
28 56 100
28 56 98
28 56 101
28 56 100
28 56 98
28 56 99
28 56 100
28 56 102
28 56 98
28 56 99
28 56 98
28 56 101
28 56 99
28 56 103
28 56 98
28 56 100
28 56 98
28 56 102
28 56 100
28 56 99
28 56 99
28 56 100
28 56 98
28 56 100
28 56 100
28 56 100
28 56 98
28 56 98
28 56 98
28 56 100
28 56 99
28 56 98
28 56 99
28 56 98
28 56 100
28 56 99
28 56 100
28 56 100
28 56 99
28 56 98
28 56 99
28 56 97
28 56 98
28 56 99
28 56 101
28 56 100
28 56 99
28 56 98
28 56 98
28 56 98
28 56 98
28 56 99
28 56 97
28 56 98
28 56 98
28 56 101
28 56 98
28 56 99
28 56 98
28 56 100
28 56 100
28 56 99
28 56 99
28 56 97
28 56 99
28 56 100
28 56 98
28 56 102
28 56 102
28 56 99
28 56 100
28 56 102
28 56 100
28 56 99
28 56 103
28 56 99
28 56 98
28 56 99
28 56 102
28 56 100
28 56 98
28 56 100
28 56 98
28 56 98
28 56 101
28 56 101
28 56 98
28 56 98
28 56 99
28 56 99
28 56 99
28 56 98
28 56 98
28 56 98
28 56 98
28 56 103
28 56 97
28 56 99
28 56 99
28 56 99
28 56 99
28 56 97
28 56 99
28 56 97
28 56 100
28 56 100
28 56 100
28 56 97
28 56 99
28 56 98
28 56 99
28 56 98
28 56 100
28 56 99
28 56 100
28 56 99
28 56 99
28 56 99
28 56 100
28 56 99
28 56 100
28 56 98
28 56 102
28 56 100
28 56 102
28 56 100
28 56 98
28 56 99
28 56 100
28 56 99
28 56 99
28 56 99
28 56 100
28 56 97
28 56 99
28 56 99
28 56 101
28 56 99
28 56 98
28 56 100
28 56 98
28 56 102
28 56 100
28 56 100
28 56 100
28 56 101
28 56 98
28 56 101
28 56 100
28 56 98
28 56 99
28 56 98
28 56 101
28 56 104
28 56 93
28 56 98
28 56 100
28 56 98
28 56 97
28 56 101
28 56 100
28 56 98
28 56 101
28 56 98
28 56 99
28 56 99
28 56 100
28 56 98
28 56 99
28 56 100
28 56 102
28 56 98
28 56 99
28 56 97
28 56 101
28 56 103
28 56 98
28 56 99
28 56 97
28 56 98
28 56 100
28 56 100
28 56 100
28 56 101
28 56 94
28 56 102
28 56 98
28 56 99
28 56 98
28 56 98
28 56 98
28 56 97
28 56 99
28 56 100
28 56 101
28 56 98
28 56 98
28 56 98
28 56 98
28 56 99
28 56 98
28 56 100
28 56 100
28 56 97
28 56 98
28 56 99
28 56 99
28 56 97
28 56 99
28 56 98
28 56 100
28 56 98
28 56 98
28 56 99
28 56 97
28 56 100
28 56 101
28 56 99
28 56 99
28 56 98
28 56 99
28 56 100
28 56 97
28 56 99
28 56 98
28 56 98
28 56 98
28 56 100
28 56 99
28 56 99
28 56 101
28 56 100
28 56 98
28 56 100
28 56 100
28 56 98
28 56 101
28 56 100
28 56 98
28 56 100
28 56 98
28 56 99
28 56 101
28 56 98
28 56 99
28 56 100
28 56 99
28 56 101
28 56 100
28 56 98
28 56 99
28 56 98
28 56 101
28 56 97
28 56 99
28 56 101
28 56 98
28 56 99
28 56 98
28 56 100
28 56 98
28 56 98
28 56 99
28 56 100
28 56 103
28 56 98
28 56 98
28 56 98
28 56 99
28 56 100
28 56 98
28 56 100
28 56 100
28 56 102
28 56 99
28 56 99
28 56 101
28 56 99
28 56 100
28 56 100
28 56 100
28 56 99
28 56 99
28 56 98
28 56 100
28 56 100
28 56 98
28 56 100
28 56 100
28 56 100
28 56 99
28 56 99
28 56 99
28 56 99
28 56 101
28 56 99
28 56 98
28 56 99
28 56 100
28 56 99
28 56 100
28 56 100
28 56 100
28 56 98
28 56 99
28 56 98
28 56 98
28 56 100
28 56 98
28 56 99
28 56 98
28 56 98
28 56 100
28 56 100
28 56 102
28 56 97
28 56 100
28 56 99
28 56 97
28 56 99
28 56 101
28 56 99
28 56 98
28 56 100
28 56 100
28 56 99
28 56 99
28 56 103
28 56 98
28 56 98
28 56 100
28 56 98
28 56 99
28 56 98
28 56 101
28 56 97
28 56 100
28 56 99
28 56 100
28 56 98
28 56 101
28 56 98
28 56 101
28 56 98
28 56 99
28 56 99
28 56 98
28 56 98
28 56 98
28 56 100
28 56 99
28 56 92
28 56 97
28 56 101
28 56 100
28 56 98
28 56 99
