47 0 93
47 38 92
47 38 93
47 38 93
47 38 93
47 38 93
47 38 93
47 38 93
47 38 93
47 38 93
47 38 93
47 38 93
47 38 93
47 38 93
47 38 93
47 38 92
47 38 94
47 38 92
47 38 92
47 38 93
47 38 93
47 38 93
47 38 92
47 38 92
47 38 93
47 38 93
47 38 93
47 38 93
47 38 93
47 38 94
47 38 93
47 38 94
47 38 93
47 38 93
47 38 93
47 38 92
47 38 93
47 38 93
47 38 93
47 38 93
47 38 93
47 38 93
47 38 93
47 38 93
47 38 93
47 38 93
47 38 93
47 38 93
47 38 93
47 38 94
47 38 92
47 38 94
47 38 93
47 38 93
47 38 93
47 38 92
47 38 94
47 38 92
47 38 93
47 38 93
47 38 91
47 38 93
47 38 93
47 38 93
47 38 92
47 38 93
47 38 93
47 38 93
47 38 93
47 38 93
47 38 93
47 38 92
47 38 92
47 38 93
47 38 93
47 38 93
47 38 93
47 38 94
47 38 93
47 38 93
47 38 93
47 38 93
47 38 92
47 38 91
47 38 93
47 38 93
47 38 94
47 38 93
47 38 93
47 38 92
47 38 94
47 38 93
47 38 93
47 38 93
47 38 93
47 38 92
47 38 93
47 38 94
47 38 93
47 38 93
47 38 93
47 38 93
47 38 93
47 38 93
47 38 93
47 38 92
47 38 92
47 38 92
47 38 93
47 38 93
47 38 93
47 38 93
47 38 93
47 38 93
47 38 94
47 38 93
47 38 93
47 38 94
47 38 93
47 38 93
47 38 92
47 38 93
47 38 93
47 38 93
47 38 93
47 38 94
47 38 93
47 38 93
47 38 93
47 38 92
47 38 94
47 38 94
47 38 92
47 38 94
47 38 93
47 38 93
47 38 92
47 38 93
47 38 94
47 38 93
47 38 93
47 38 92
47 38 93
47 38 94
47 38 94
47 38 93
47 38 93
47 38 93
47 38 93
47 38 93
47 38 93
47 38 93
47 38 92
47 38 93
47 38 93
47 38 94
47 38 93
47 38 93
47 38 93
47 38 93
47 38 93
47 38 93
47 38 93
47 38 93
47 38 92
47 38 92
47 38 93
47 38 92
47 38 93
47 38 92
47 38 93
47 38 93
47 38 90
47 38 93
47 38 92
47 38 93
47 38 92
47 38 93
47 38 93
47 38 92
47 38 93
47 38 92
47 38 93
47 38 92
47 38 93
47 38 92
47 38 93
47 38 93
47 38 93
47 38 93
47 38 93
47 38 93
47 38 93
47 38 93
47 38 93
47 38 93
47 38 93
47 38 93
47 38 92
47 38 92
47 38 90
47 38 92
47 38 93
47 38 92
47 38 93
46 38 93
47 38 93
47 38 92
47 38 93
47 38 93
47 38 93
47 38 93
47 38 93
47 38 93
47 38 93
47 38 92
47 38 93
47 38 93
47 38 93
47 38 92
47 38 94
47 38 93
47 38 93
47 38 93
47 38 92
47 38 93
47 38 94
47 38 94
47 38 92
47 38 92
47 38 93
47 38 93
47 38 93
47 38 93
47 38 93
47 38 92
47 38 94
47 38 93
47 38 93
47 38 93
47 38 93
47 38 93
47 38 93
47 38 93
47 38 94
47 38 93
47 38 93
47 38 93
47 38 93
47 38 93
47 38 93
47 38 93
47 38 94
47 38 93
47 38 93
47 38 93
47 38 93
47 38 93
47 38 93
47 38 93
47 38 92
47 38 92
47 38 93
47 38 92
47 38 93
47 38 93
47 38 92
47 38 93
47 38 93
47 38 93
47 38 93
47 38 93
47 38 93
47 38 93
47 38 93
47 38 92
47 38 92
47 38 92
47 38 93
47 38 93
47 38 92
47 38 94
47 38 93
47 38 94
47 38 93
47 38 93
47 38 93
47 38 92
47 38 92
47 38 94
47 38 93
47 38 93
47 38 93
47 38 93
47 38 94
47 38 93
47 38 93
47 38 93
47 38 93
47 38 92
47 38 94
47 38 93
47 38 93
47 38 93
47 38 93
47 38 93
47 38 92
47 38 93
47 38 93
47 38 93
47 38 92
47 38 93
47 38 93
47 38 92
47 38 93
47 38 94
47 38 93
47 38 93
47 38 93
47 38 93
47 38 93
47 38 93
47 38 93
47 38 92
47 38 93
47 38 93
47 38 93
47 38 94
47 38 93
47 38 93
47 38 93
47 38 93
47 38 92
47 38 94
47 38 93
47 38 93
47 38 92
47 38 93
47 38 93
47 38 93
47 38 93
47 38 93
47 38 93
47 38 93
47 38 93
47 38 93
47 38 93
47 38 93
47 38 93
47 38 92
47 38 94
47 38 93
47 38 93
47 38 93
47 38 92
47 38 93
47 38 93
47 38 93
47 38 92
47 38 93
47 38 92
47 38 94
47 38 93
47 38 94
47 38 93
47 38 93
47 38 92
47 38 93
47 38 93
47 38 93
47 38 94
47 38 91
47 38 89
47 38 92
47 38 93
47 38 93
47 38 93
47 38 93
47 38 87
47 38 93
47 38 93
47 38 92
47 38 93
