29 0 112
29 22 89
29 22 90
29 22 112
29 22 100
29 22 88
29 22 102
29 22 103
29 22 52
29 22 111
29 22 102
29 22 93
29 22 87
29 22 110
29 22 90
29 22 88
29 22 98
29 22 99
29 22 52
29 22 89
29 22 51
29 22 102
29 22 88
29 22 110
29 22 89
29 22 52
29 22 51
29 22 51
29 22 52
29 22 51
29 22 88
29 22 54
29 22 53
29 22 52
29 22 53
29 22 53
29 22 52
29 22 51
29 22 51
29 22 51
29 22 52
29 22 51
29 22 52
29 22 53
29 22 50
29 22 52
29 22 53
29 22 51
29 22 52
29 22 52
29 22 52
29 22 90
29 22 51
29 22 51
29 21 52
29 22 51
29 22 51
29 22 53
29 22 52
29 22 52
29 22 50
29 22 51
29 22 52
29 22 51
29 22 50
29 22 53
29 22 50
29 22 87
29 21 53
29 22 87
29 22 51
29 22 52
29 22 51
29 22 52
29 22 51
28 22 87
29 22 52
29 22 52
29 22 87
29 22 87
29 22 52
29 22 52
29 22 50
29 22 51
29 21 53
29 22 52
29 22 52
29 22 52
29 22 52
29 22 52
29 22 51
29 22 51
29 22 89
29 22 51
29 22 51
29 22 51
29 22 88
29 22 51
29 22 52
29 22 51
29 22 51
29 22 88
29 22 52
29 22 89
29 22 52
29 22 112
29 22 51
29 22 51
29 22 87
29 22 51
29 21 52
29 22 89
29 22 51
29 22 51
29 22 90
29 22 88
29 22 89
29 22 52
29 22 90
29 22 91
29 22 89
29 22 90
29 22 51
29 22 89
29 22 52
29 22 90
29 22 90
29 22 53
29 22 87
29 22 52
29 22 89
29 22 51
29 22 87
29 22 53
29 22 88
29 22 89
29 22 88
29 22 52
29 22 90
29 22 89
29 22 88
29 22 90
29 22 51
29 22 51
29 22 51
29 22 89
29 22 112
29 22 52
29 22 88
29 22 88
29 22 100
29 22 90
29 22 88
29 22 100
29 22 90
29 22 99
29 22 112
29 22 51
29 22 90
29 22 88
29 22 102
29 22 89
29 22 89
29 22 52
29 22 100
29 22 90
29 22 96
29 22 52
29 22 88
29 22 52
29 22 100
29 22 100
29 22 52
29 22 52
29 22 51
29 22 87
29 22 89
29 22 90
29 22 88
29 22 90
29 22 90
29 22 100
29 22 89
29 22 91
29 22 89
29 22 51
29 22 90
29 22 89
29 22 88
29 22 88
29 22 89
29 22 90
29 22 89
29 22 91
29 22 100
28 22 90
29 22 51
29 22 90
29 22 89
29 22 89
29 22 89
28 22 90
29 22 91
29 22 88
29 22 91
28 22 90
29 22 88
29 22 88
29 22 112
29 22 90
28 22 88
29 22 100
29 22 88
29 22 89
29 22 89
29 22 88
29 22 89
29 22 90
29 22 90
29 22 90
29 22 99
29 22 93
29 22 89
29 22 89
29 22 88
29 22 88
29 22 89
29 22 88
29 22 88
29 22 91
29 22 89
29 22 99
29 22 92
29 22 90
29 22 88
29 22 89
29 22 91
28 22 88
29 22 89
29 22 89
29 22 88
29 22 88
29 22 87
29 22 88
29 22 89
29 22 92
29 22 101
29 22 89
29 22 87
28 22 99
28 22 88
28 22 90
29 22 90
29 22 88
29 22 88
29 22 88
29 22 90
29 22 89
29 22 51
29 22 88
29 22 87
29 22 87
28 22 90
29 22 100
29 22 99
29 22 89
28 22 89
29 22 88
29 22 87
29 22 87
28 22 88
29 22 88
28 22 89
28 22 90
29 21 88
28 22 52
28 22 93
29 22 88
28 22 88
29 22 89
29 22 90
29 22 88
29 22 88
29 22 88
28 22 88
29 22 52
29 22 108
28 22 88
29 22 88
29 22 91
29 22 92
29 22 90
29 22 87
28 22 90
28 22 91
29 22 87
29 22 89
29 22 88
29 22 89
29 22 88
29 22 88
29 22 89
29 22 89
28 22 88
28 22 87
28 22 91
28 22 89
28 22 88
28 22 90
29 22 91
28 22 89
29 22 88
28 22 88
28 22 89
29 22 88
28 22 88
29 22 110
29 22 91
29 22 88
29 22 87
29 22 88
28 22 88
29 22 89
29 22 90
29 22 88
29 22 88
29 22 88
29 22 88
28 22 52
28 22 87
29 22 87
29 22 90
28 22 90
28 22 100
29 22 89
29 22 90
29 22 90
29 22 51
29 22 93
29 22 88
29 22 88
29 22 89
29 22 109
29 22 90
29 22 88
29 22 89
29 22 87
29 22 101
29 22 88
28 22 52
29 22 90
28 22 52
29 22 89
28 22 90
28 22 53
28 22 90
28 22 52
28 22 90
29 22 89
28 22 89
29 22 89
28 22 88
28 22 90
29 22 88
29 22 91
28 22 90
29 22 88
29 22 51
28 22 87
29 22 89
29 22 89
29 22 88
29 22 93
28 22 52
28 22 88
28 22 88
29 22 88
28 22 112
29 22 89
28 22 89
29 22 88
29 22 88
28 22 91
29 22 87
28 22 88
28 22 88
29 22 89
29 22 90
29 22 110
29 22 89
29 22 112
29 22 51
29 22 112
29 22 88
29 22 88
28 22 51
28 22 87
29 22 88
29 22 51
28 22 101
28 22 88
