29 0 28
29 69 28
29 69 28
29 69 28
29 69 28
29 69 28
29 69 28
29 69 28
29 69 28
29 69 28
29 69 28
29 69 28
29 69 28
29 68 28
29 69 28
29 69 28
29 69 28
29 68 28
29 69 28
29 69 28
29 69 28
29 69 28
29 69 28
29 69 28
29 69 28
29 69 28
29 69 28
29 69 28
29 69 28
29 69 28
29 69 28
29 69 28
29 69 28
29 69 28
29 69 28
29 69 28
29 69 28
29 69 28
29 69 28
29 69 28
29 69 28
29 69 28
29 69 28
29 69 28
29 69 28
29 69 28
29 69 28
29 68 28
29 69 28
29 69 28
29 69 28
29 69 28
29 69 28
29 69 28
29 69 28
29 69 28
29 69 28
29 69 28
29 69 28
29 69 28
29 69 28
29 69 28
29 69 28
29 69 28
29 69 28
29 69 28
29 69 28
29 69 28
29 69 28
29 69 28
29 69 28
29 69 28
29 69 28
29 69 28
29 69 28
29 69 28
29 69 28
29 69 28
29 69 28
29 69 28
29 69 28
29 69 28
29 69 28
29 69 28
29 69 28
29 69 28
29 69 28
29 69 28
29 69 28
29 69 28
29 69 28
29 69 28
29 69 28
29 69 28
29 69 28
29 69 28
29 69 28
29 69 28
29 69 28
29 69 28
29 69 28
29 69 28
29 69 28
29 69 28
29 69 28
29 69 28
29 69 28
29 69 28
29 69 28
29 69 28
29 69 28
29 69 28
29 69 28
29 69 28
29 69 28
29 69 28
29 69 28
30 69 28
30 69 28
28 69 28
28 69 28
28 69 28
28 70 28
28 69 28
28 69 28
28 69 28
28 69 28
28 69 28
28 69 28
28 69 28
28 69 28
28 69 28
29 69 28
29 69 28
29 69 28
29 69 28
29 69 28
29 69 28
29 69 28
29 69 28
29 69 28
29 69 28
29 69 28
29 69 28
29 69 28
29 69 28
29 69 28
29 69 28
29 69 28
29 69 28
29 69 28
29 69 28
29 69 28
29 69 28
29 69 28
29 69 28
29 69 28
29 69 28
29 69 28
29 69 28
29 70 28
29 69 28
29 69 28
29 69 28
29 69 28
29 69 28
29 69 28
29 69 28
29 69 28
29 69 28
29 69 28
29 69 28
29 69 28
29 69 28
29 69 28
29 69 28
29 69 28
29 69 28
29 69 28
29 69 28
29 69 28
29 69 28
29 69 28
29 69 28
29 69 28
29 69 28
29 69 28
29 69 28
29 69 28
29 69 28
29 69 28
29 69 28
29 69 28
29 69 28
29 69 28
29 69 28
29 69 28
29 69 28
29 69 28
29 69 28
29 69 28
29 69 28
29 69 28
29 69 28
29 69 28
29 69 28
29 69 28
29 69 28
29 69 28
29 69 28
29 69 28
29 69 28
29 69 28
29 69 28
29 69 28
29 69 28
29 69 28
29 69 28
29 69 28
29 69 28
29 69 28
29 69 28
29 69 28
29 69 28
29 69 28
29 69 28
29 69 28
29 69 28
29 69 28
29 69 28
29 69 28
29 69 28
29 69 28
29 69 28
29 69 28
29 69 28
29 69 28
29 69 28
29 69 28
29 69 28
29 69 28
29 69 28
29 69 28
29 69 28
29 69 28
29 69 28
29 69 28
29 69 28
29 69 28
29 69 28
29 69 28
29 69 28
29 69 28
29 69 28
29 69 28
29 69 28
29 69 28
29 69 28
29 69 28
29 69 28
29 69 28
29 69 28
29 69 28
29 69 28
29 69 28
29 69 28
29 69 28
29 69 28
29 69 28
29 69 28
29 69 28
29 69 28
29 69 28
29 69 28
29 69 28
29 69 28
29 69 28
29 69 28
29 69 28
29 69 28
29 69 28
29 69 28
29 70 28
29 69 28
29 69 28
29 69 28
29 69 28
29 69 28
29 69 28
29 69 28
29 69 28
29 69 28
29 69 28
29 69 28
29 69 28
29 69 28
29 69 28
29 69 28
29 69 28
29 69 28
29 69 28
29 69 28
29 69 28
29 69 28
29 69 28
29 69 28
29 69 28
29 69 28
29 69 28
29 69 28
29 69 28
29 69 28
29 69 28
29 69 28
29 69 28
29 69 28
29 69 28
29 69 28
29 69 28
29 69 28
29 69 28
29 69 28
29 69 28
29 69 28
29 69 28
29 69 28
29 69 28
29 69 28
29 69 28
29 69 28
29 69 28
29 69 28
29 69 28
29 69 28
29 69 28
29 69 28
29 69 28
29 69 28
29 69 28
29 69 28
29 69 28
29 69 28
29 69 28
29 69 28
29 69 28
29 69 28
29 69 28
29 69 28
29 69 28
29 69 28
29 69 28
29 69 28
29 69 28
29 69 28
29 69 28
29 69 28
29 69 28
29 69 28
29 69 28
29 69 28
29 69 28
29 69 28
29 69 28
29 69 28
29 69 28
29 69 28
29 69 28
29 69 28
29 69 28
29 69 28
29 69 28
29 69 28
29 69 28
29 69 28
29 69 28
29 69 28
29 69 28
29 69 28
29 69 28
29 69 28
29 69 28
