10 0 45
10 74 45
10 74 45
10 75 45
10 74 45
10 74 45
10 74 45
10 74 45
10 75 45
10 74 45
10 75 45
10 74 45
10 74 45
10 74 45
10 74 45
10 75 45
10 74 45
10 74 45
10 74 45
10 74 45
10 74 45
10 74 45
10 74 45
10 74 45
10 74 45
10 74 45
10 74 45
10 75 45
10 74 45
10 74 45
10 75 45
10 74 45
10 74 45
10 74 45
10 74 45
10 74 45
10 74 45
10 74 45
10 74 44
10 74 45
10 74 45
10 74 45
10 74 45
10 74 44
10 74 45
10 74 45
10 74 45
10 74 45
10 75 45
10 75 45
10 74 45
10 74 45
10 74 45
10 74 44
10 74 45
10 74 45
10 74 45
10 74 45
10 74 45
10 75 45
10 74 45
10 74 45
10 74 45
10 74 45
10 75 45
10 74 45
10 74 45
10 74 45
10 74 45
10 75 45
10 74 44
10 74 45
10 74 45
10 74 45
10 74 45
10 74 45
10 74 45
10 74 45
10 74 45
10 74 45
10 74 44
10 74 45
10 75 45
10 74 45
10 74 45
10 74 45
10 74 45
10 74 45
10 74 45
10 74 45
10 74 45
10 75 45
10 74 45
10 74 45
10 75 45
10 74 45
10 74 45
10 74 44
10 74 45
10 75 45
10 74 45
10 74 45
10 74 45
10 75 45
10 74 45
10 74 45
10 75 45
10 74 45
10 74 45
10 74 45
10 74 45
10 74 45
10 74 45
10 74 45
10 75 45
10 74 45
10 74 45
10 74 45
10 74 44
10 74 44
10 74 45
10 74 45
10 74 45
10 74 45
10 74 45
10 74 45
10 74 45
10 74 45
10 74 45
10 75 44
10 74 45
10 74 45
10 74 45
10 74 45
10 74 44
10 75 45
10 74 45
10 74 45
10 74 45
10 74 45
10 74 45
10 74 45
10 74 45
10 74 44
10 74 44
10 74 45
10 74 45
10 74 45
10 75 45
10 74 45
10 74 45
10 74 45
10 75 45
10 74 45
10 74 45
10 75 45
10 74 44
10 74 45
10 74 44
10 74 45
10 74 45
10 74 44
10 74 45
10 74 45
10 74 45
10 74 45
10 74 44
10 75 45
10 74 45
10 74 45
10 75 45
10 74 44
10 74 45
10 74 45
10 74 45
10 75 45
10 74 45
10 74 45
10 74 45
10 74 45
10 75 45
10 75 45
10 75 45
10 74 45
10 74 45
10 74 44
10 75 45
10 74 45
10 74 45
10 75 45
10 74 45
10 74 45
10 74 45
10 75 45
10 74 45
10 74 45
10 74 45
10 74 45
10 74 45
10 74 45
10 75 45
10 74 45
10 74 45
10 74 45
10 74 45
10 74 45
10 74 45
10 74 45
10 74 45
10 74 45
10 75 45
10 74 45
10 74 45
10 74 45
10 74 45
10 74 45
10 74 45
10 74 45
10 75 45
10 74 45
10 74 45
10 74 45
10 74 45
10 74 45
10 74 45
10 74 45
10 74 45
10 75 45
10 75 45
10 74 45
10 75 45
10 74 45
10 75 45
10 74 45
10 75 45
10 75 45
10 74 45
10 74 45
10 74 45
10 75 45
10 74 45
10 74 45
10 74 45
10 75 45
10 75 45
10 74 45
10 75 45
10 74 45
10 75 45
10 75 44
10 75 45
10 75 45
10 74 45
10 74 45
10 74 45
10 75 45
10 75 45
10 74 45
10 75 45
10 74 45
10 75 45
10 74 45
10 75 45
10 75 45
10 74 45
10 75 45
10 74 45
10 74 45
10 74 45
10 75 45
10 75 45
10 74 45
10 74 44
10 74 45
10 74 45
10 74 45
10 75 44
10 74 44
10 74 45
10 75 45
10 74 45
10 74 45
10 74 45
10 74 44
10 74 45
10 74 45
10 74 45
10 75 45
10 74 45
10 74 45
10 74 45
10 74 45
10 74 45
10 74 45
10 74 45
10 74 45
10 74 45
10 74 45
10 75 45
10 74 45
10 74 44
10 75 45
10 74 45
10 75 45
10 74 45
10 75 45
10 74 45
10 74 45
10 74 45
10 74 45
10 75 45
10 74 45
10 74 45
10 74 45
10 74 45
10 74 44
10 74 45
10 74 44
10 75 45
10 74 45
10 75 45
10 75 45
10 74 45
10 75 45
10 74 45
10 74 45
10 74 45
10 75 44
10 74 45
10 74 45
10 74 44
10 74 45
10 75 45
10 74 44
10 74 45
10 74 45
10 74 45
10 74 44
10 74 45
10 74 45
10 74 45
10 74 45
10 75 45
10 74 45
10 74 45
10 74 45
10 74 45
10 74 45
10 74 45
10 75 45
10 74 45
10 74 45
10 75 45
10 74 45
10 74 45
10 74 44
10 75 45
10 74 45
10 74 45
10 74 45
10 74 45
10 74 45
10 74 45
10 74 44
10 74 45
10 74 45
10 75 45
10 74 45
10 74 45
10 74 45
10 74 45
10 74 45
10 74 45
10 75 45
10 74 45
10 74 45
10 74 45
10 74 45
10 74 45
10 74 45
10 74 45
10 74 45
10 74 45
10 74 45
10 74 45
10 74 45
10 74 45
10 74 44
10 74 45
10 74 45
10 74 45
10 74 44
10 74 45
10 74 45
10 74 44
10 74 44
10 74 45
10 74 45
10 75 46
10 59 45
10 75 44
10 75 45
10 62 44
10 74 45
10 74 45
10 74 45
