12 0 45
11 60 45
12 60 45
13 59 45
11 60 45
11 59 45
13 59 45
11 59 45
11 59 45
13 59 45
11 59 45
11 60 45
12 59 45
11 59 45
11 59 45
12 59 45
11 59 45
11 59 45
12 59 45
11 59 45
12 59 45
11 59 45
11 59 45
12 59 45
11 59 45
11 59 45
12 59 45
11 59 45
11 59 45
12 59 45
11 59 45
11 59 45
12 59 45
11 59 45
11 60 45
12 59 45
11 59 45
12 59 45
11 59 45
11 59 45
12 59 45
13 59 45
11 59 45
12 59 45
11 60 45
11 59 45
13 59 45
11 59 45
11 59 45
12 59 45
13 59 45
13 59 45
13 59 45
13 59 45
13 59 45
13 59 45
13 59 45
13 59 45
13 59 45
13 59 45
13 59 45
13 59 45
13 59 45
13 59 45
13 59 45
13 59 45
13 59 45
13 59 45
13 59 45
13 59 45
13 60 45
13 59 45
13 59 45
13 59 45
13 59 45
13 59 45
13 59 45
13 59 45
13 59 45
13 59 45
13 59 45
13 59 45
13 59 45
13 59 45
13 59 45
13 59 45
13 59 45
13 59 45
13 59 45
13 59 45
13 59 45
13 59 45
13 59 45
13 59 45
13 59 45
13 59 45
13 59 45
13 59 45
13 59 45
12 59 45
11 59 45
11 59 45
11 59 45
11 59 45
12 59 45
11 59 45
11 59 45
12 60 45
13 59 45
13 59 45
13 59 45
13 59 45
13 59 45
13 59 45
13 60 45
13 59 45
13 59 45
13 59 45
13 59 45
13 59 45
13 59 45
13 59 45
13 60 45
13 60 45
13 60 45
13 60 45
13 60 45
13 59 45
13 59 45
13 59 45
13 59 45
13 59 45
13 59 45
13 59 45
13 59 45
13 59 45
13 59 45
13 59 45
13 60 45
13 59 45
13 59 45
13 59 45
13 59 45
13 59 45
13 59 45
13 59 45
13 59 45
13 59 45
13 59 45
13 59 45
13 59 45
13 59 45
13 59 45
13 59 45
13 59 45
13 59 45
13 59 45
13 59 45
13 59 45
13 60 45
13 59 45
13 59 45
13 59 45
13 59 45
13 59 45
13 59 45
13 59 45
13 59 45
13 59 45
13 59 45
13 59 45
13 59 45
13 59 45
13 59 45
13 59 45
13 59 45
13 59 45
13 59 45
13 59 45
13 59 45
13 59 45
13 59 45
13 59 45
13 59 45
13 59 45
13 59 45
13 59 45
13 59 45
13 59 45
13 59 45
13 59 45
13 59 45
13 60 45
13 59 45
13 59 45
13 59 45
13 59 45
13 59 45
13 59 45
13 59 45
13 59 45
13 59 45
13 60 45
13 59 45
13 59 45
13 59 45
13 59 45
13 60 45
13 59 45
13 59 45
13 59 45
13 59 45
13 59 45
13 59 45
13 59 45
13 59 45
13 59 45
13 59 45
13 59 45
13 59 45
13 59 45
13 59 45
13 59 45
13 59 45
13 59 45
13 59 45
13 59 45
13 59 45
13 59 45
13 59 45
13 59 45
13 59 45
13 59 45
13 59 45
13 59 45
13 59 45
13 59 45
13 59 45
13 59 45
13 59 45
13 59 45
13 59 45
13 59 45
13 59 45
13 59 45
13 59 45
13 59 45
13 59 45
13 59 45
13 59 45
13 59 45
13 59 45
13 59 45
13 59 45
13 59 45
13 59 45
13 59 45
13 59 45
13 59 45
13 59 45
13 59 45
13 59 45
13 60 45
13 59 45
13 59 45
13 59 45
13 59 45
13 59 45
13 59 45
13 59 45
13 59 45
13 59 45
13 59 45
13 59 45
13 59 45
13 59 45
13 59 45
13 59 45
13 59 45
13 59 45
13 59 45
13 59 45
13 59 45
13 59 45
13 59 45
13 59 45
13 59 45
13 59 45
13 59 45
13 59 45
13 59 45
13 59 45
13 59 45
13 59 45
13 59 45
13 59 45
13 59 45
13 59 45
13 59 45
13 59 45
13 59 45
13 59 45
13 59 45
13 59 45
13 59 45
13 59 45
13 59 45
13 59 45
13 59 45
13 59 45
13 59 45
13 59 45
13 59 45
13 59 45
13 59 45
13 59 45
13 59 45
13 59 45
13 59 45
13 59 45
13 59 45
13 59 45
13 59 45
13 59 45
13 59 45
13 59 45
13 59 45
13 59 45
13 59 45
13 59 45
11 59 45
11 59 46
13 59 45
13 59 45
13 59 45
13 59 45
13 59 45
13 59 45
13 59 45
13 59 45
13 59 45
13 59 45
13 59 45
13 59 45
13 59 45
13 59 45
13 59 45
13 59 45
13 59 45
13 59 45
13 59 45
13 59 45
13 59 45
13 59 45
13 59 45
13 59 45
13 59 45
13 59 45
13 59 45
13 59 45
13 59 45
13 59 45
13 59 45
13 59 45
13 59 45
13 59 45
13 59 45
13 59 45
13 59 45
13 59 45
13 59 45
13 59 45
13 59 45
13 59 45
13 59 45
