45 0 93
45 57 93
45 56 92
45 56 92
45 56 88
45 57 91
45 57 93
45 57 91
45 57 90
45 56 90
45 56 91
45 57 90
45 57 91
45 56 93
45 57 93
45 56 93
45 57 92
45 56 90
45 56 92
45 57 91
45 56 89
45 56 93
45 56 90
45 56 93
45 57 94
45 57 94
45 56 93
45 57 94
45 56 93
45 57 92
45 56 90
45 56 93
45 56 92
45 56 94
45 57 91
45 57 92
45 57 90
45 56 91
45 56 93
45 56 91
45 56 94
45 56 94
45 56 92
45 56 93
45 56 93
45 57 93
45 57 91
45 56 92
45 56 92
45 56 93
45 56 94
45 57 94
45 57 94
45 57 94
45 56 93
45 57 94
45 57 94
45 56 93
45 56 92
45 57 93
45 57 94
45 57 93
45 56 93
45 56 93
45 57 93
45 57 93
45 56 91
45 56 94
45 57 91
45 57 94
45 57 93
45 57 94
45 57 92
45 57 94
45 57 90
45 56 94
45 56 93
45 56 92
45 56 92
45 56 92
45 57 90
45 57 91
45 57 94
45 56 93
45 56 92
45 56 92
45 56 94
45 56 93
45 56 94
45 56 94
45 56 94
45 56 90
45 56 93
45 56 94
45 56 93
45 56 93
45 56 94
45 56 93
45 56 94
45 56 93
45 56 94
45 56 93
45 56 92
45 56 94
45 56 92
45 56 93
45 56 90
45 56 94
45 56 94
45 56 94
45 56 91
45 56 90
45 56 93
45 56 94
45 56 90
45 56 93
45 56 94
45 56 90
45 56 93
45 56 93
45 56 90
45 57 90
45 56 89
45 56 94
45 57 92
45 56 89
45 56 92
45 56 91
45 56 92
45 56 93
45 56 91
45 56 91
45 56 90
45 56 90
45 56 90
45 56 93
45 56 92
45 56 92
45 56 93
45 56 92
45 56 92
45 56 92
45 56 94
45 56 90
45 56 93
45 56 91
45 56 90
45 56 94
45 56 94
45 56 92
45 56 90
45 57 93
45 56 94
45 56 90
45 56 92
45 56 92
45 56 93
45 56 94
45 56 93
45 56 93
45 56 92
45 56 93
45 56 93
45 56 91
45 56 92
45 56 92
45 56 93
45 56 91
45 57 92
45 56 94
45 56 93
45 56 93
45 56 90
45 56 93
45 56 93
45 56 93
45 56 94
45 56 94
45 56 90
45 57 92
45 56 94
45 57 91
45 56 92
45 56 91
45 56 90
45 56 94
45 56 93
45 56 94
45 56 90
45 56 93
45 56 93
45 56 92
45 56 91
45 56 92
45 56 93
45 56 91
45 56 91
45 56 93
45 56 94
45 56 93
45 56 92
45 56 90
45 56 93
45 56 92
45 56 92
45 56 94
45 56 92
45 56 93
45 56 93
45 56 92
45 56 94
45 56 93
45 56 93
45 56 91
45 56 94
45 56 94
45 56 93
45 56 93
45 56 92
45 56 91
45 56 94
45 56 90
45 56 92
45 57 94
45 56 94
45 56 94
45 56 91
45 57 92
45 57 93
45 56 93
45 56 93
45 56 94
45 56 94
45 56 93
45 56 92
45 56 94
45 56 93
45 56 93
45 56 91
45 57 90
45 56 93
45 57 93
45 57 93
45 57 94
45 57 91
45 56 92
45 57 94
45 56 93
45 56 93
45 56 93
45 56 91
45 56 93
45 56 93
45 56 94
45 57 94
45 57 94
45 57 94
45 56 94
45 56 91
45 56 94
45 56 94
45 57 94
45 57 94
45 56 93
45 56 94
45 56 92
45 56 93
45 57 94
45 57 94
45 57 93
45 56 94
45 56 94
45 56 93
45 56 93
45 56 94
45 56 94
45 56 93
45 56 94
45 56 92
45 56 94
45 56 93
45 56 93
45 56 92
45 56 94
45 56 93
45 56 92
45 56 93
45 56 94
45 56 94
45 56 93
45 56 93
45 57 93
45 57 93
45 57 93
45 56 94
45 56 94
45 56 94
45 56 93
45 57 94
45 56 94
45 56 94
45 56 94
45 56 93
45 56 93
45 56 94
45 57 94
45 57 91
45 56 91
45 56 94
45 56 94
45 56 92
45 56 93
45 56 94
45 57 91
45 56 93
45 56 94
45 56 93
45 57 94
45 56 91
45 56 94
45 56 92
45 56 93
45 56 93
45 56 92
45 57 94
45 56 95
45 56 94
45 56 93
45 57 94
45 56 94
45 56 94
45 56 92
45 56 91
45 56 90
45 56 94
45 57 92
45 57 92
45 56 93
45 57 93
