28 0 27
28 75 28
28 75 28
28 75 27
28 75 28
28 75 28
28 75 28
28 75 28
28 75 28
28 75 28
28 75 28
28 75 27
28 75 28
28 75 28
28 75 28
29 75 28
28 75 28
28 75 27
28 75 28
28 75 27
28 75 28
28 75 28
28 75 28
28 75 28
28 75 27
28 75 28
28 75 28
28 75 28
28 75 28
28 75 28
28 75 27
28 75 27
28 75 28
28 75 27
28 75 28
28 75 27
28 75 28
28 75 28
28 75 28
28 75 27
28 75 28
28 75 28
28 75 28
28 75 28
28 75 28
28 75 28
28 75 28
28 75 28
28 75 28
28 75 28
28 75 28
28 75 27
28 75 28
28 75 28
28 75 27
28 75 28
28 75 28
28 75 27
28 75 27
28 75 27
28 75 27
28 75 28
28 75 27
28 75 28
28 75 28
29 75 28
28 75 28
29 75 27
28 75 27
28 75 27
28 75 27
28 75 27
28 75 27
28 75 27
28 75 27
28 75 28
28 75 28
28 75 28
28 75 28
28 75 28
28 75 27
28 75 28
28 75 28
28 75 28
28 75 28
28 75 28
28 75 27
28 75 28
28 75 28
28 75 27
28 75 28
28 75 28
28 75 27
28 75 28
28 75 28
28 75 28
28 75 28
28 75 27
28 75 28
28 75 28
28 75 27
28 75 28
28 75 28
29 75 28
28 75 27
28 75 27
29 75 27
29 75 27
28 75 27
28 75 27
28 75 27
29 75 27
29 75 27
28 75 27
28 75 28
28 75 27
28 75 27
28 75 27
28 75 28
28 75 28
29 75 27
28 75 28
28 75 27
29 75 27
28 75 28
28 75 28
28 75 27
28 75 27
28 75 27
28 75 27
29 75 27
28 75 28
29 75 27
29 75 27
28 75 27
28 75 27
28 75 27
29 75 28
28 75 27
29 75 28
28 75 27
28 75 27
28 75 27
28 75 28
28 75 27
28 75 27
28 75 27
28 75 27
28 75 28
28 75 27
28 75 27
28 75 27
28 75 28
28 75 28
28 75 28
28 75 28
28 75 27
28 75 27
28 75 27
29 75 27
28 75 27
28 75 27
28 75 27
28 75 28
28 75 27
28 75 28
28 75 28
28 75 27
28 75 27
28 75 28
28 75 27
28 75 27
28 75 27
28 75 27
28 75 27
28 75 28
29 75 27
28 75 27
28 75 28
29 75 27
28 75 27
29 75 27
28 75 28
28 75 28
28 75 28
28 75 27
28 75 27
28 75 27
28 75 27
28 75 27
29 75 27
28 75 27
28 75 27
28 75 27
29 75 27
28 75 27
28 75 28
28 75 27
28 75 27
28 75 27
29 75 28
29 75 28
29 75 27
29 75 28
29 75 28
29 75 27
28 75 27
29 75 27
29 75 27
28 75 27
28 75 27
29 75 27
28 75 27
29 75 27
29 75 28
29 75 28
28 75 28
29 75 27
29 75 27
28 75 28
29 75 28
28 75 27
28 75 27
28 75 28
28 75 28
28 75 27
29 75 28
28 75 28
29 75 28
28 75 27
28 75 28
29 75 27
29 75 27
29 75 28
28 75 27
29 75 27
29 75 27
28 75 27
28 75 27
28 75 27
28 75 27
29 75 27
29 75 27
28 75 28
28 75 27
28 75 27
29 75 27
28 75 27
29 75 28
29 75 27
29 75 27
28 75 28
28 75 28
28 75 27
29 75 27
29 75 27
29 75 27
29 75 27
29 75 27
28 75 27
29 75 27
28 75 27
29 75 27
29 75 28
29 75 27
29 75 27
29 75 27
29 75 27
29 75 27
29 75 27
29 75 27
29 75 27
29 75 27
29 75 27
29 75 27
29 75 27
29 75 27
29 75 27
28 75 28
28 75 27
28 75 28
29 75 28
29 75 27
29 75 27
29 75 27
28 75 27
29 75 27
28 75 27
29 75 28
28 75 27
28 75 27
28 75 27
28 75 27
28 75 27
28 75 28
28 75 27
29 75 27
28 75 27
28 75 27
28 75 27
28 75 27
28 75 27
29 75 27
28 75 28
28 75 27
28 75 27
29 75 27
29 75 28
28 75 27
29 75 28
29 75 27
29 75 27
28 75 27
29 75 27
29 75 28
29 75 27
28 75 27
28 75 27
29 75 27
29 75 27
29 75 27
29 75 27
29 75 28
29 75 28
29 75 27
29 75 28
28 75 28
28 75 28
29 75 28
29 75 28
29 75 27
28 75 27
29 75 27
29 75 28
29 75 27
29 75 27
29 75 27
29 75 28
29 75 27
29 75 27
29 75 27
28 75 28
28 75 27
28 75 27
29 75 27
28 75 27
29 75 27
28 75 27
29 75 27
28 75 27
28 75 27
29 75 28
29 75 27
28 75 27
29 75 27
28 75 27
29 75 27
28 75 27
28 75 27
28 75 27
28 75 27
28 75 27
28 75 28
28 75 27
29 75 27
28 75 27
28 75 28
29 75 27
28 75 28
28 75 27
28 75 28
28 75 27
29 75 27
29 75 27
29 75 27
28 75 27
28 75 27
28 75 27
28 75 27
28 75 27
28 75 27
28 75 27
29 75 28
28 75 27
28 75 28
29 75 27
29 75 27
28 75 28
28 75 27
29 75 27
28 75 28
29 75 28
29 75 28
28 75 28
28 75 28
28 75 27
28 75 28
28 75 28
28 75 27
28 75 27
28 75 28
29 66 28
29 67 28
28 66 28
29 75 28
29 68 27
