12 0 45
12 68 45
12 70 45
12 68 45
12 69 45
12 70 45
12 70 45
12 70 45
12 69 45
12 70 45
12 70 45
12 70 45
12 70 45
12 70 45
12 70 45
12 67 45
12 70 45
12 70 45
12 70 45
12 70 45
12 70 45
12 70 45
12 70 45
12 70 45
12 68 45
12 70 45
12 70 45
12 70 45
12 67 45
12 67 45
12 70 45
12 70 45
12 70 45
12 68 45
12 69 45
12 70 45
12 68 45
12 70 45
12 70 45
12 70 45
12 70 45
12 70 45
12 69 45
12 70 45
12 70 45
12 70 45
12 70 45
12 70 45
12 70 45
12 70 45
12 70 45
12 70 45
12 70 45
12 70 45
12 70 45
12 70 45
12 70 45
12 70 45
12 70 45
12 70 45
12 70 45
12 70 45
12 70 45
12 70 45
12 70 45
12 70 45
12 70 45
12 70 45
12 70 45
12 68 45
12 42 45
12 70 45
12 70 45
12 70 45
12 70 45
12 70 45
12 42 40
12 70 45
12 70 45
12 70 45
12 70 45
12 70 45
12 70 45
12 70 45
12 70 45
12 70 45
12 70 45
12 42 45
12 70 45
12 70 45
12 70 45
12 70 45
12 70 45
12 42 40
12 70 45
12 70 45
12 70 45
12 70 45
12 70 45
12 70 45
12 69 45
12 70 45
12 70 45
12 67 45
12 68 45
12 70 45
12 70 45
12 70 45
12 70 45
12 68 45
12 70 45
12 70 45
12 70 45
12 70 45
12 70 45
12 70 45
12 68 45
12 68 45
12 70 45
12 70 45
12 70 45
12 68 45
12 70 45
12 70 45
12 70 45
12 70 45
12 70 45
12 70 45
12 70 45
12 70 45
12 70 45
12 69 45
12 69 45
12 70 45
12 70 45
12 70 45
12 67 45
12 70 45
12 42 45
12 70 45
12 70 45
12 70 45
12 69 45
12 69 45
12 68 45
12 70 45
12 70 45
12 70 45
12 70 45
12 70 45
12 70 45
12 70 45
12 70 45
12 70 45
12 70 45
12 70 45
12 70 45
12 70 45
12 70 45
12 69 45
12 70 45
12 70 45
12 70 45
12 70 45
12 70 45
12 70 45
12 69 45
12 70 45
12 70 45
12 69 45
12 70 45
12 68 45
12 70 45
12 70 45
12 70 45
12 70 45
12 70 45
12 70 45
12 70 45
12 70 45
12 70 45
12 70 45
12 70 45
12 70 45
12 70 45
12 70 45
12 70 45
12 70 45
12 70 45
12 70 45
12 70 45
12 70 45
12 42 45
12 70 45
12 70 45
12 69 45
12 70 45
12 70 45
12 70 45
12 70 45
12 69 45
12 70 45
12 70 45
12 68 45
12 70 45
12 70 45
12 69 45
12 69 45
12 70 45
12 70 45
12 70 45
12 70 45
12 70 45
12 67 45
12 70 45
12 70 45
12 70 45
12 69 45
12 70 45
12 70 45
12 70 45
12 70 45
12 70 45
12 69 45
12 68 45
12 70 45
12 70 45
12 70 45
12 70 45
12 68 45
12 68 45
12 68 45
12 70 45
12 69 45
12 70 45
12 70 45
12 69 45
12 68 45
12 68 45
12 69 45
12 68 45
12 69 45
12 68 45
12 70 45
12 70 45
12 68 45
12 70 45
12 69 45
12 70 45
12 68 45
12 68 45
12 68 45
12 69 45
12 68 45
12 68 45
12 68 45
12 69 45
12 68 45
12 70 45
12 70 45
12 69 45
12 68 45
12 68 45
12 69 45
12 68 45
12 69 45
12 68 45
12 68 45
12 69 45
12 68 45
12 68 45
12 68 45
12 69 45
12 70 45
12 70 45
12 69 45
12 68 45
12 69 45
12 69 45
12 68 45
12 69 45
12 68 45
12 68 45
12 68 45
12 68 45
12 68 45
12 68 46
12 68 45
12 68 45
12 68 45
12 68 45
12 68 45
12 68 45
12 68 45
12 68 45
12 68 45
12 68 45
12 68 45
12 68 45
12 69 45
12 67 45
12 68 45
12 68 45
12 68 45
12 68 45
12 68 45
12 68 45
12 68 45
12 68 45
12 68 45
12 68 45
12 68 45
12 69 45
12 68 45
12 68 45
12 68 45
12 68 45
12 68 45
12 68 45
12 67 45
12 68 45
12 68 45
12 68 45
12 68 45
12 68 45
12 68 45
12 68 45
12 68 45
12 68 45
12 68 45
12 68 45
12 68 45
12 68 45
12 68 45
12 68 45
12 68 45
12 68 45
12 68 45
12 67 45
12 68 45
12 68 45
12 68 45
12 68 45
12 68 45
12 68 45
12 68 45
12 68 45
12 68 45
12 68 45
12 68 45
12 69 45
12 68 45
12 68 45
12 68 45
12 68 45
12 70 45
12 68 45
12 68 45
12 68 45
12 68 45
12 68 45
12 69 45
12 68 45
12 68 45
12 69 45
12 68 45
12 69 45
12 68 45
12 68 45
12 69 45
12 68 45
12 70 45
12 68 45
12 69 45
12 68 45
12 68 45
12 70 45
12 68 45
12 68 45
12 68 45
12 68 45
12 68 45
12 69 45
12 68 44
12 68 45
