38 0 11
45 41 11
45 41 11
45 41 11
45 41 11
45 41 11
45 41 11
45 41 11
45 41 11
45 41 11
45 41 11
45 41 11
45 41 11
45 41 11
45 41 11
45 41 11
45 41 11
45 41 11
45 41 11
45 41 11
45 41 11
45 41 11
45 41 11
45 41 11
45 41 11
45 41 11
45 41 11
46 41 11
46 41 11
45 41 11
45 41 11
45 41 11
45 41 11
45 41 11
45 41 11
46 42 11
45 41 11
45 41 11
45 41 11
45 41 11
45 41 11
45 41 11
45 41 11
45 41 11
45 42 11
45 41 11
45 41 11
45 41 11
45 41 11
45 41 11
45 41 11
45 41 11
45 41 11
45 41 11
45 41 11
45 41 11
45 41 11
46 41 11
45 41 11
45 41 11
45 41 11
45 41 11
45 42 11
45 41 11
45 41 11
45 41 11
45 41 11
45 41 11
45 41 11
45 41 11
45 41 11
46 41 11
45 41 11
46 43 11
46 42 11
45 41 11
45 42 11
45 41 11
45 41 11
45 41 11
46 42 11
45 41 11
46 42 11
45 42 11
46 42 11
46 42 11
45 42 11
45 42 11
46 41 11
46 42 11
46 42 11
46 42 11
46 42 11
46 41 11
46 42 11
46 42 11
46 42 11
45 42 11
46 41 11
46 42 11
46 43 11
46 43 11
46 42 11
46 42 11
46 43 11
46 42 11
46 43 11
46 42 11
46 42 11
46 41 11
45 42 11
46 42 11
46 42 11
46 42 11
46 41 11
46 42 11
46 43 11
46 43 11
46 42 11
46 43 11
46 43 10
46 42 11
46 43 11
46 42 11
46 42 11
46 42 10
46 42 11
46 43 11
46 41 11
46 42 11
46 43 11
46 43 11
46 42 11
46 43 11
46 43 11
46 43 11
46 43 11
46 43 11
46 42 11
46 43 11
46 43 11
46 42 11
46 43 11
46 42 11
46 42 11
46 42 11
46 42 11
46 42 11
46 43 11
46 42 11
46 43 11
46 42 11
46 42 11
46 43 11
46 43 11
46 42 11
46 43 11
46 43 11
46 42 11
46 43 11
46 42 11
46 43 11
46 43 11
46 42 11
46 42 11
46 41 11
46 42 11
46 43 11
47 43 11
46 43 11
46 43 11
46 41 11
46 42 11
46 43 11
46 43 11
46 42 11
46 43 11
46 43 11
46 42 11
46 43 11
46 43 11
46 42 11
46 43 11
46 42 11
46 42 11
46 43 11
46 42 11
46 42 11
46 43 11
45 42 11
46 43 11
46 41 11
46 42 11
46 43 11
46 43 11
46 42 11
46 43 11
46 43 11
46 43 11
46 42 11
46 42 11
46 43 11
46 43 11
46 42 11
46 42 11
46 43 11
46 42 11
46 42 11
46 43 11
46 42 11
46 43 11
46 41 11
46 42 11
46 43 11
46 43 11
46 42 11
46 43 11
46 42 11
46 43 11
46 43 11
46 43 11
46 43 10
46 42 11
46 43 11
46 43 11
46 43 11
46 42 11
46 43 11
46 43 11
46 43 11
46 43 11
46 43 11
46 42 11
46 71 11
46 43 11
46 43 11
46 43 11
46 43 11
46 43 11
46 43 11
46 43 11
46 43 11
46 43 11
46 43 11
46 43 11
46 43 11
46 42 11
46 42 11
46 43 11
46 43 11
46 43 11
46 43 11
46 42 11
46 43 11
46 43 11
46 43 11
46 43 11
46 71 11
46 43 11
46 43 11
46 43 11
46 43 11
46 43 11
46 43 11
46 43 11
46 43 11
46 43 10
46 43 11
46 43 11
46 43 10
46 42 11
46 43 11
46 42 11
46 42 11
46 43 11
46 43 11
46 42 11
46 43 11
46 42 11
46 43 11
46 43 11
46 42 10
46 42 11
46 41 11
46 42 11
46 43 11
46 42 11
46 42 11
46 42 11
46 42 11
46 42 11
46 43 11
46 42 11
46 43 11
46 41 11
46 42 11
46 43 11
46 43 11
46 42 11
46 43 11
46 42 11
46 42 11
46 42 11
46 42 11
46 42 11
46 41 11
46 42 11
46 42 11
46 43 11
46 42 11
46 43 11
46 42 11
46 42 11
46 43 11
46 42 11
46 43 11
46 41 11
46 42 11
46 43 11
46 42 11
46 42 11
46 43 11
46 42 11
46 42 11
46 43 11
46 42 11
46 42 11
46 43 11
46 42 11
46 42 11
46 43 11
46 42 11
46 43 11
46 41 11
46 42 11
46 43 11
46 43 11
46 42 11
46 43 11
46 42 11
46 42 11
46 43 11
46 43 11
46 42 11
46 43 11
46 42 11
46 43 11
46 41 11
46 42 11
46 43 11
46 43 11
46 42 11
46 43 11
46 43 11
46 42 11
46 43 11
46 42 11
46 42 10
46 43 11
46 42 11
46 43 11
46 43 11
46 42 11
46 43 11
46 42 11
46 42 11
46 43 11
46 43 11
46 42 11
46 43 11
46 42 11
46 43 11
46 41 11
46 42 11
46 43 11
46 43 11
