12 0 98
12 55 103
12 56 111
12 56 105
12 56 105
12 55 100
12 56 100
12 56 99
12 56 99
12 56 113
12 56 112
12 56 128
12 56 112
12 56 99
12 56 101
12 56 108
12 56 104
12 56 93
12 56 108
12 56 111
12 56 107
12 56 115
12 56 110
12 56 107
12 56 111
12 56 93
12 56 112
12 56 112
12 56 111
12 56 81
12 56 111
12 56 109
12 56 111
12 56 97
12 56 112
12 56 109
12 56 111
12 56 112
12 56 110
12 56 110
12 56 111
12 55 113
12 56 112
12 56 115
12 55 115
12 55 114
12 55 113
12 55 113
12 55 116
12 56 110
12 55 117
12 56 111
12 56 111
12 56 109
12 56 111
12 56 110
12 56 75
12 56 109
12 56 109
12 56 100
12 56 110
12 56 108
12 56 110
12 56 113
12 56 112
12 55 108
12 56 114
12 56 108
12 56 97
12 56 98
12 56 95
12 56 112
12 56 97
12 56 128
12 56 94
12 56 98
12 56 96
12 56 99
12 56 96
12 56 96
12 56 98
12 56 108
12 56 109
12 56 110
12 56 110
12 56 110
12 56 94
12 56 112
12 56 97
12 56 100
12 56 110
12 56 111
12 56 109
12 56 115
12 56 111
12 56 114
12 56 112
12 56 115
12 56 112
12 56 112
12 56 109
12 56 110
12 56 112
12 56 110
12 56 111
12 56 110
12 56 111
12 56 109
12 56 111
12 56 112
12 56 112
12 56 110
12 56 110
12 56 111
12 56 110
12 56 111
12 56 114
12 56 112
12 56 112
12 56 112
12 56 110
12 56 111
12 56 112
12 56 111
12 56 112
12 56 114
12 56 112
12 56 111
12 56 113
12 56 114
12 56 114
12 56 113
12 56 114
12 56 113
12 56 113
12 56 110
12 56 112
12 56 112
12 56 111
12 56 114
12 56 110
12 56 112
12 56 112
12 56 112
12 56 116
12 56 113
12 56 111
12 56 115
12 56 114
12 56 112
12 56 112
12 56 109
12 56 112
12 56 110
12 56 111
12 56 112
12 56 110
12 56 115
12 56 111
12 56 110
12 56 112
12 56 111
12 56 111
12 56 112
12 56 111
12 56 110
12 56 110
12 56 111
12 56 114
12 56 111
12 56 112
12 56 110
12 56 112
12 56 111
12 56 112
12 56 113
12 56 112
12 56 113
12 56 112
12 56 111
12 56 112
12 56 114
12 56 111
12 56 111
12 56 112
12 56 110
12 56 112
12 56 113
12 56 110
12 56 112
12 56 110
12 56 112
12 56 110
12 56 111
12 56 111
12 56 112
12 56 111
12 56 112
12 56 110
12 56 112
12 56 110
12 56 113
12 56 111
12 56 114
12 56 111
12 56 111
12 56 114
12 56 112
12 56 113
12 56 112
12 56 114
12 56 111
12 56 112
12 56 111
12 56 111
12 56 112
12 56 111
12 56 112
12 56 112
12 56 96
12 56 112
12 56 112
12 56 112
12 56 113
12 56 111
12 56 113
12 56 111
12 56 112
12 56 111
12 56 112
12 56 112
12 56 111
12 56 112
12 56 113
12 56 111
12 56 113
12 56 110
12 56 112
12 56 110
12 56 113
12 56 113
12 56 113
12 56 112
12 56 113
12 56 115
12 56 113
12 56 111
12 56 111
12 56 111
12 56 113
12 56 111
12 56 114
12 56 113
12 56 112
12 56 115
12 56 112
12 56 111
12 56 112
12 56 112
12 56 111
12 56 110
12 56 111
12 56 112
12 56 112
12 56 112
12 56 110
12 56 110
12 56 112
12 56 111
12 56 111
12 56 111
12 56 112
12 56 112
12 56 112
12 56 113
12 56 113
12 56 112
12 56 116
12 56 111
12 56 112
12 56 112
12 56 111
12 56 111
12 56 112
12 56 111
12 56 113
12 56 114
12 56 114
12 56 111
12 56 112
12 56 113
12 56 112
12 56 112
12 56 112
12 56 111
12 56 112
12 56 113
12 56 111
12 56 112
12 56 112
12 56 112
12 56 112
12 56 111
12 56 115
12 56 111
12 56 115
12 56 113
12 56 113
12 56 113
12 56 111
12 56 110
12 56 109
12 56 112
12 56 111
12 56 114
12 56 112
12 56 112
12 56 112
12 56 112
12 56 111
12 56 111
12 56 112
12 56 110
12 56 112
12 56 116
12 56 113
12 56 112
12 56 111
12 56 111
12 56 112
12 56 112
12 56 113
12 56 113
12 56 111
12 56 113
12 56 115
12 56 111
12 56 110
12 56 113
12 56 98
12 56 112
12 56 115
12 56 113
12 56 112
12 56 112
12 56 110
12 56 112
12 56 110
12 56 112
12 56 113
12 56 114
12 56 110
12 56 112
12 56 114
12 56 110
12 56 112
12 56 113
12 56 111
12 56 114
12 56 110
12 56 110
12 56 115
12 56 111
12 56 112
12 56 115
12 56 112
12 56 113
12 56 111
12 56 111
12 56 114
12 56 111
12 56 113
12 56 114
12 56 112
12 56 107
12 56 108
12 56 111
12 56 110
12 56 113
12 55 107
12 56 112
12 56 110
12 56 114
12 56 112
12 56 112
12 56 110
