29 0 28
29 83 28
29 83 28
29 83 28
29 83 28
29 83 28
29 83 28
29 83 28
29 83 28
29 83 28
29 83 28
29 83 28
29 83 28
29 83 28
29 83 28
29 83 28
29 83 28
29 83 28
29 83 28
28 83 28
29 83 28
29 83 28
29 83 28
29 83 28
29 83 28
29 83 28
29 83 28
29 83 28
29 83 28
29 83 28
28 84 28
29 83 28
28 83 28
29 83 28
28 83 28
29 83 28
28 83 28
28 83 28
29 83 28
29 84 28
29 83 28
29 83 28
29 83 28
28 84 28
29 83 28
29 83 28
29 83 28
29 83 28
29 83 28
29 84 28
29 84 28
29 83 28
29 84 27
29 83 28
29 83 28
29 83 28
29 83 28
29 83 28
29 83 28
29 83 28
29 83 28
29 83 28
28 83 28
28 83 28
28 83 28
28 83 28
29 83 28
29 83 28
28 83 28
28 83 28
28 83 28
28 83 28
27 83 28
27 83 28
27 83 28
27 83 28
27 83 28
27 83 28
27 83 27
28 83 28
28 83 28
28 83 28
28 83 28
28 83 28
28 83 28
27 83 28
27 83 28
27 83 28
27 83 28
27 83 28
27 83 28
27 83 28
27 83 28
28 83 28
28 83 28
29 83 28
28 83 28
28 83 28
28 84 28
28 83 28
28 83 28
28 83 28
28 83 28
28 83 28
28 83 28
28 83 28
28 83 28
28 83 28
28 83 28
28 83 28
28 83 28
28 83 28
28 83 28
28 83 28
28 83 28
28 83 28
28 83 28
28 83 28
28 83 28
28 83 28
28 83 28
28 83 28
28 83 28
28 83 28
28 83 28
28 83 28
28 83 28
28 83 28
28 83 28
28 83 28
28 83 28
28 83 28
28 83 28
28 83 28
28 83 28
28 83 28
28 83 28
28 83 28
28 83 28
28 83 28
28 83 28
28 83 28
28 83 28
28 83 28
28 83 28
28 83 28
28 83 28
28 83 28
28 83 28
28 83 28
28 83 28
28 83 28
28 83 28
28 83 28
28 83 28
28 83 28
28 83 28
28 83 28
28 83 28
28 83 28
28 83 28
28 83 28
28 83 28
28 83 28
28 83 28
28 83 28
28 83 28
28 83 28
28 83 28
28 83 28
28 83 28
28 83 28
28 83 28
28 83 28
28 83 28
28 83 28
28 83 28
28 83 28
28 83 28
28 83 28
28 83 28
28 83 28
28 83 28
28 83 28
28 83 28
28 83 28
28 83 28
28 83 28
28 83 28
28 83 28
28 83 28
28 83 28
28 83 28
28 83 28
28 83 28
28 83 28
28 83 28
28 83 28
28 83 28
28 83 28
28 83 28
28 83 28
28 83 28
28 83 28
28 83 28
28 83 28
28 83 28
28 83 28
28 83 28
28 83 28
28 83 28
28 83 28
28 83 28
28 83 28
28 83 28
28 83 28
28 83 28
28 83 28
28 83 28
28 83 28
28 84 28
28 84 28
28 83 28
28 83 28
28 83 28
28 83 28
28 83 28
28 83 28
28 83 28
28 83 27
28 83 28
28 83 28
28 83 28
28 83 28
28 83 28
28 83 28
28 83 28
28 83 28
28 83 28
28 83 27
28 83 28
28 83 28
28 83 28
28 83 28
28 83 28
28 83 28
28 83 28
28 83 28
28 83 28
28 83 28
28 83 28
28 83 28
28 83 28
28 83 28
28 83 28
28 83 28
28 83 28
28 83 28
28 83 28
28 83 28
28 83 28
28 83 28
28 83 28
28 83 28
28 83 28
28 83 28
28 83 28
28 83 28
28 83 28
28 83 28
28 83 28
28 83 28
28 83 28
28 83 28
28 83 28
28 83 28
28 83 28
28 83 28
28 83 28
28 83 28
28 83 28
28 83 28
28 83 28
28 83 28
28 83 28
28 83 28
28 83 28
28 83 28
28 83 28
28 83 28
28 83 28
28 83 28
28 83 28
28 83 28
28 83 28
28 83 28
28 83 28
28 83 28
28 83 28
28 83 28
28 83 28
28 83 28
28 83 28
28 83 28
28 83 28
28 83 28
28 83 28
28 83 28
28 83 28
28 83 28
28 83 28
28 83 28
28 83 28
28 83 28
28 83 28
28 83 28
28 83 28
28 83 28
28 83 28
28 83 28
28 83 28
28 83 28
28 83 28
28 83 28
28 83 28
28 83 28
28 83 28
28 83 28
28 83 28
28 83 28
28 83 28
28 83 28
28 83 28
28 83 28
28 83 28
28 83 28
28 83 28
28 83 28
28 83 28
28 83 28
28 83 28
28 83 28
28 83 28
28 83 28
28 83 28
28 83 28
28 83 28
28 83 28
28 83 28
28 83 28
28 83 28
28 83 28
28 83 28
28 83 28
28 83 28
28 83 28
28 83 28
28 83 28
28 83 28
28 83 28
28 83 28
28 83 28
28 83 28
28 83 28
28 83 28
28 83 28
28 83 28
28 83 28
28 83 28
28 84 28
28 83 28
28 83 28
28 83 28
28 83 28
28 83 28
28 83 28
28 83 28
28 83 28
28 83 28
28 83 28
28 83 28
28 83 28
28 83 28
28 83 28
28 83 28
28 83 28
28 83 28
28 83 28
28 83 28
28 83 28
28 83 28
28 83 28
28 83 28
28 83 28
28 83 28
28 83 28
28 83 28
28 83 28
28 83 28
28 83 28
28 83 28
