(49, 0, 4)
(48, 3, 4)
(49, 3, 4)
(49, 3, 4)
(49, 3, 4)
(69, 3, 4)
(63, 3, 4)
(56, 3, 4)
(67, 3, 4)
(68, 3, 4)
(69, 3, 4)
(8, 3, 4)
(12, 2, 3)
(9, 3, 3)
(9, 10, 47)
(1195, 1199, 46)
(1196, 1199, 47)
(1196, 1199, 46)
(1196, 1199, 47)
(1196, 1199, 45)
(1196, 1199, 46)
(1196, 1199, 47)
(1196, 1199, 46)
(1196, 1199, 47)
(1196, 1200, 46)
(1196, 1199, 46)
(1196, 1200, 46)
(1196, 1199, 46)
(1196, 1199, 46)
(1196, 1200, 46)
(1196, 1199, 47)
(1196, 1199, 47)
(1196, 1199, 50)
(1196, 1199, 52)
(1196, 1199, 53)
(1196, 1199, 55)
(1196, 1199, 56)
(1196, 1199, 58)
(1196, 1199, 62)
(1196, 1199, 65)
(1196, 72, 68)
(1196, 1199, 70)
(1196, 76, 72)
(1196, 78, 73)
(1196, 79, 75)
(1196, 81, 76)
(1196, 82, 78)
(1196, 82, 79)
(1196, 83, 80)
(1196, 85, 82)
(1196, 85, 82)
(1196, 86, 83)
(1196, 86, 84)
(1196, 86, 83)
(1196, 86, 83)
(1196, 86, 83)
(1196, 86, 84)
(1196, 86, 83)
(1196, 86, 83)
(1196, 86, 83)
(1196, 86, 83)
(1196, 86, 84)
(1196, 86, 84)
(1196, 86, 84)
(1196, 86, 84)
(1196, 86, 84)
(1196, 86, 83)
(1196, 86, 84)
(1196, 86, 83)
(1196, 86, 83)
(1196, 86, 84)
(1196, 86, 84)
(1196, 86, 83)
(1196, 86, 84)
(1196, 86, 84)
(1196, 86, 83)
(1196, 86, 83)
(1195, 86, 83)
(1196, 86, 84)
(1196, 86, 84)
(1196, 87, 84)
(1196, 87, 85)
(1196, 88, 86)
(1196, 88, 87)
(1196, 89, 87)
(1196, 90, 89)
(1196, 91, 89)
(1196, 91, 90)
(1196, 92, 91)
(1196, 92, 92)
(1196, 93, 93)
(1196, 92, 93)
(1196, 93, 94)
(1196, 94, 96)
(1196, 94, 96)
(1196, 94, 95)
(1196, 95, 96)
(1196, 96, 96)
(1196, 96, 97)
(16, 96, 98)
(1196, 97, 99)
(1196, 14, 74)
(1196, 14, 74)
(101, 97, 100)
(101, 71, 99)
(102, 97, 99)
(101, 97, 100)
(101, 72, 100)
(102, 71, 99)
(101, 97, 100)
(101, 97, 99)
(101, 71, 98)
(101, 97, 98)
(101, 72, 99)
(101, 71, 99)
(101, 72, 99)
(101, 97, 98)
(101, 97, 98)
(101, 97, 98)
(101, 97, 99)
(101, 97, 99)
(101, 97, 99)
(101, 97, 99)
(101, 97, 99)
(101, 97, 99)
(101, 97, 99)
(101, 97, 99)
(101, 97, 99)
(101, 97, 99)
(101, 97, 99)
(101, 97, 99)
(101, 97, 98)
(101, 97, 100)
(101, 97, 99)
(101, 97, 99)
(101, 97, 101)
(101, 97, 99)
(101, 97, 100)
(101, 97, 100)
(101, 97, 98)
(101, 97, 100)
(101, 97, 98)
(101, 97, 99)
(101, 97, 99)
(101, 97, 99)
(101, 97, 99)
(101, 97, 99)
(101, 97, 99)
(101, 97, 99)
(101, 97, 99)
(101, 97, 99)
(101, 97, 99)
(101, 97, 99)
(101, 97, 100)
(101, 97, 99)
(101, 97, 99)
(101, 97, 99)
(101, 97, 100)
(100, 97, 100)
(101, 97, 98)
(101, 97, 100)
(101, 97, 98)
(101, 97, 100)
(101, 97, 99)
(101, 97, 98)
(101, 97, 100)
(101, 97, 99)
(101, 97, 99)
(101, 97, 99)
(101, 97, 100)
(101, 97, 99)
(101, 97, 100)
(100, 97, 99)
(100, 97, 99)
(100, 97, 99)
(100, 98, 101)
(101, 98, 102)
(101, 98, 100)
(100, 98, 103)
(100, 98, 100)
(100, 98, 101)
(100, 97, 101)
(99, 97, 100)
(99, 97, 101)
(99, 97, 100)
(99, 98, 101)
(99, 98, 102)
(98, 97, 100)
(98, 97, 100)
(97, 96, 100)
(97, 96, 104)
(96, 96, 102)
(96, 96, 102)
(95, 95, 142)
(95, 95, 143)
(94, 94, 144)
(93, 94, 145)
(92, 93, 147)
(91, 92, 149)
(91, 92, 150)
(90, 91, 2195)
(89, 91, 2195)
(87, 89, 2195)
(85, 87, 2194)
(85, 87, 2194)
(84, 87, 2195)
(84, 87, 2195)
(84, 87, 2195)
(84, 87, 2195)
(84, 87, 2194)
(84, 87, 156)
(84, 87, 2195)
(84, 87, 2194)
(84, 87, 153)
(84, 87, 2194)
(85, 87, 154)
(84, 87, 2194)
(85, 87, 2194)
(85, 87, 2194)
(84, 87, 2194)
(84, 87, 2194)
(84, 87, 2194)
(84, 87, 2194)
(84, 87, 2194)
(84, 87, 2194)
(84, 87, 2194)
(84, 87, 152)
(84, 87, 2194)
(84, 87, 2194)
(84, 86, 2194)
(82, 85, 2194)
(82, 1199, 2194)
(80, 1199, 159)
(78, 82, 157)
(77, 1199, 2194)
(75, 1199, 2194)
(73, 1199, 2194)
(71, 1199, 2195)
(68, 1199, 2194)
(65, 1199, 166)
(63, 1199, 389)
(60, 1200, 389)
(58, 1200, 392)
(56, 1199, 393)
(55, 1199, 394)
(53, 1200, 395)
(52, 1199, 395)
(51, 1199, 396)
(50, 1199, 397)
(49, 1199, 400)
(48, 1199, 400)
(48, 1199, 400)
(46, 1200, 401)
(46, 1199, 401)
(45, 1199, 401)
(45, 1199, 402)
(45, 1199, 401)
(45, 1199, 401)
(44, 1199, 400)
(45, 1200, 401)
(46, 1200, 400)
(45, 1200, 401)
(44, 1199, 403)
(44, 1200, 403)
(44, 1200, 401)
(44, 1199, 403)
(44, 1200, 403)
(44, 1199, 401)
(44, 1199, 401)
(44, 1199, 402)
(44, 1200, 401)
(44, 1199, 402)
(44, 1199, 402)
(44, 1199, 401)
(44, 1199, 401)
(44, 1199, 402)
(44, 1199, 400)
(44, 1199, 401)
(44, 1199, 400)
(44, 1199, 402)
(43, 1199, 402)
(44, 1199, 401)
(43, 1200, 401)
(44, 1199, 401)
(43, 1200, 401)
(44, 1199, 403)
(43, 1199, 403)
(43, 1199, 401)
(44, 1199, 401)
(44, 1199, 400)
(44, 1199, 401)
(44, 1199, 401)
(44, 1199, 402)
(44, 1200, 401)
(44, 1200, 401)
(43, 1200, 401)
(44, 1199, 401)
(44, 1199, 401)
(44, 1199, 401)
(44, 1200, 403)
