(9, 0, 6)
(9, 3, 6)
(9, 3, 6)
(9, 3, 6)
(9, 3, 5)
(9, 3, 6)
(9, 3, 6)
(9, 3, 6)
(9, 3, 6)
(9, 3, 5)
(44, 3, 31)
(44, 4, 21)
(44, 6, 9)
(44, 10, 401)
(44, 1200, 402)
(44, 1199, 401)
(44, 1199, 401)
(44, 1200, 402)
(44, 1199, 401)
(44, 1200, 402)
(44, 1199, 402)
(44, 1199, 402)
(44, 1199, 402)
(44, 1199, 401)
(44, 1199, 401)
(44, 1199, 402)
(44, 1199, 401)
(45, 1199, 403)
(46, 1199, 400)
(48, 1199, 398)
(51, 1199, 397)
(52, 1199, 395)
(54, 1199, 394)
(55, 1199, 394)
(55, 1199, 392)
(55, 1199, 393)
(56, 1200, 393)
(56, 1199, 391)
(58, 1200, 392)
(59, 1199, 389)
(61, 1200, 388)
(62, 1199, 388)
(64, 1199, 386)
(65, 1199, 385)
(66, 1199, 385)
(68, 1199, 384)
(69, 1199, 2194)
(71, 1199, 379)
(72, 1199, 380)
(73, 1199, 379)
(75, 1199, 2194)
(76, 1200, 2195)
(77, 1199, 372)
(78, 82, 2194)
(80, 83, 2194)
(81, 1199, 2194)
(82, 86, 2194)
(83, 87, 2194)
(84, 87, 2194)
(84, 87, 2194)
(84, 87, 2193)
(84, 86, 2194)
(84, 87, 2194)
(84, 87, 2194)
(84, 87, 2194)
(84, 87, 2193)
(84, 86, 2194)
(84, 86, 2194)
(84, 86, 2194)
(84, 86, 2194)
(84, 87, 2194)
(84, 86, 2194)
(84, 87, 151)
(84, 87, 2194)
(84, 87, 2194)
(84, 87, 2193)
(84, 87, 2194)
(84, 87, 153)
(84, 87, 2194)
(84, 87, 2194)
(84, 87, 2194)
(84, 87, 151)
(84, 87, 2194)
(84, 87, 2194)
(84, 87, 2194)
(85, 88, 2194)
(86, 88, 152)
(87, 89, 2194)
(88, 89, 2194)
(89, 90, 148)
(89, 90, 2194)
(90, 91, 146)
(90, 91, 148)
(91, 91, 148)
(91, 92, 144)
(92, 92, 2193)
(93, 93, 143)
(93, 93, 141)
(94, 93, 100)
(94, 94, 100)
(95, 94, 99)
(95, 94, 100)
(96, 95, 103)
(96, 95, 104)
(96, 95, 99)
(96, 95, 98)
(96, 95, 98)
(96, 95, 99)
(96, 95, 100)
(96, 96, 99)
(97, 96, 98)
(97, 96, 100)
(98, 96, 100)
(98, 96, 98)
(98, 96, 100)
(99, 97, 99)
(99, 97, 101)
(99, 97, 100)
(100, 97, 101)
(100, 97, 101)
(100, 98, 100)
(100, 97, 100)
(101, 98, 101)
(101, 98, 101)
(100, 98, 99)
(101, 98, 100)
(101, 98, 100)
(101, 98, 100)
(101, 98, 99)
(101, 98, 101)
(101, 98, 101)
(101, 97, 100)
(101, 98, 100)
(101, 98, 100)
(101, 98, 101)
(101, 98, 101)
(101, 97, 100)
(101, 98, 100)
(101, 98, 99)
(101, 97, 100)
(101, 98, 100)
(101, 98, 100)
(101, 98, 100)
(101, 97, 99)
(101, 97, 100)
(101, 97, 99)
(101, 97, 100)
(101, 97, 100)
(101, 98, 99)
(101, 98, 100)
(101, 98, 100)
(101, 98, 101)
(101, 98, 99)
(101, 98, 100)
(101, 98, 99)
(101, 97, 101)
(101, 97, 100)
(101, 98, 100)
(101, 98, 100)
(101, 97, 100)
(101, 97, 100)
(101, 97, 100)
(101, 97, 99)
(101, 97, 99)
(101, 97, 99)
(101, 97, 100)
(101, 97, 100)
(101, 97, 100)
(101, 98, 99)
(101, 98, 100)
(101, 98, 100)
(101, 98, 101)
(101, 98, 100)
(101, 97, 99)
(101, 98, 100)
(101, 97, 100)
(101, 97, 99)
(101, 98, 100)
(101, 98, 101)
(101, 98, 99)
(101, 97, 100)
(101, 72, 100)
(101, 72, 100)
(100, 97, 100)
(101, 73, 100)
(101, 97, 99)
(101, 97, 99)
(101, 97, 99)
(101, 97, 100)
(101, 97, 98)
(101, 97, 98)
(18, 45, 46)
(16, 46, 44)
(23, 97, 99)
(102, 97, 99)
(102, 97, 99)
(1196, 97, 97)
(1196, 96, 97)
(1196, 96, 96)
(1196, 96, 96)
(1196, 96, 96)
(1196, 95, 95)
(1196, 94, 94)
(1196, 93, 94)
(1196, 92, 92)
(1196, 91, 92)
(1196, 91, 90)
(1196, 90, 90)
(1196, 90, 89)
(1196, 89, 87)
(1196, 89, 87)
(1196, 88, 86)
(1196, 88, 85)
(1196, 87, 85)
(1196, 87, 85)
(1196, 87, 85)
(1196, 86, 84)
(1196, 86, 84)
(1196, 86, 84)
(1196, 86, 84)
(1196, 86, 85)
(1196, 86, 84)
(1196, 86, 85)
(1196, 86, 84)
(1196, 86, 84)
(1196, 86, 85)
(1196, 86, 84)
(1196, 86, 84)
(1196, 86, 84)
(1196, 86, 84)
(1196, 86, 84)
(1195, 86, 85)
(1196, 86, 84)
(1196, 86, 84)
(1196, 86, 84)
(1196, 86, 84)
(1196, 86, 85)
(1196, 86, 84)
(1196, 86, 84)
(1196, 86, 84)
(1196, 86, 84)
(1196, 86, 84)
(1196, 86, 84)
(1196, 86, 84)
(1196, 86, 84)
(1196, 86, 84)
(1196, 86, 84)
(1196, 86, 85)
(1196, 86, 84)
(1196, 86, 84)
(1196, 86, 84)
(1196, 86, 84)
(1196, 86, 84)
(1196, 86, 84)
(1196, 86, 84)
(1196, 86, 85)
(1196, 87, 84)
(1196, 87, 84)
(1196, 85, 83)
(1196, 84, 82)
(1196, 83, 80)
(1196, 83, 79)
(1196, 81, 78)
(1196, 80, 76)
(1196, 78, 74)
(1196, 75, 72)
(1196, 74, 70)
(1196, 73, 69)
(1196, 71, 68)
(1196, 69, 65)
(1195, 1199, 62)
(1196, 1199, 59)
(1196, 1199, 56)
(1196, 1199, 54)
(1196, 1199, 51)
(1196, 1199, 49)
(1196, 1199, 48)
(1196, 1199, 46)
(1196, 1199, 232)
(1196, 1199, 46)
(1196, 1199, 47)
(1196, 1199, 47)
(1196, 1199, 47)
(1196, 1199, 47)
(1196, 1199, 46)
(1196, 1199, 47)
(1196, 1199, 47)
(1196, 1199, 46)
(1196, 1199, 46)
(1196, 1199, 46)
(1196, 1199, 47)
(1196, 1199, 47)
(1196, 1199, 46)
(1196, 1199, 47)
(1196, 1200, 47)
(1196, 1199, 46)
(1196, 1199, 46)
(1196, 1199, 46)
