35.97
35.72
35.72
35.72
35.97
35.72
35.97
35.97
35.72
35.47
37.01
35.97
35.97
35.72
35.72
35.47
32.95
35.97
35.97
35.97
35.97
35.72
35.72
37.01
35.97
35.72
35.72
35.72
35.72
33.16
35.97
35.97
35.97
35.97
35.72
30.37
37.01
35.72
35.97
35.72
35.72
35.72
33.16
35.97
35.97
35.97
35.72
35.72
30.55
38.96
35.97
35.97
35.72
35.72
35.72
32.95
35.72
35.72
35.72
35.97
35.97
30.37
38.96
35.97
35.97
35.72
35.72
35.47
32.95
35.72
35.97
35.72
35.97
35.97
30.55
35.72
35.97
35.97
35.97
35.72
35.72
32.95
35.97
35.97
35.97
35.97
35.72
30.37
38.67
35.97
35.97
35.72
35.72
35.72
35.97
35.97
35.72
35.72
35.97
35.72
35.47
39.25
35.97
35.72
35.97
35.72
35.72
35.72
35.97
35.72
35.72
35.72
35.97
35.72
33.16
35.97
35.72
35.97
35.97
35.72
30.37
39.25
35.72
35.72
35.72
35.97
35.72
32.53
35.72
35.97
35.72
35.72
35.47
35.47
32.95
35.97
35.97
35.72
35.72
35.72
30.55
35.72
35.97
35.72
35.97
35.97
35.72
35.97
35.97
35.97
35.97
35.97
35.72
35.72
33.16
35.72
35.72
35.97
35.97
35.72
35.72
38.96
35.97
35.72
35.97
35.97
35.72
30.93
37.01
35.97
35.97
35.72
35.72
35.72
32.53
35.97
35.97
35.97
35.97
35.97
35.47
35.97
35.97
35.97
35.97
35.72
35.97
35.47
39.25
35.72
35.72
35.72
35.72
35.72
35.97
38.96
35.72
35.97
35.72
35.72
35.72
32.53
37.01
35.97
35.97
35.72
35.72
35.72
32.95
35.97
35.97
35.72
35.72
35.72
35.47
35.97
35.97
35.72
35.72
35.97
35.72
30.37
37.01
35.97
35.97
35.97
35.72
35.72
35.97
35.97
35.72
35.97
35.97
35.72
35.97
32.53
35.97
35.97
35.97
35.72
35.72
35.47
32.95
35.72
35.97
35.72
35.72
35.72
35.47
35.97
35.72
35.97
35.97
35.97
35.72
35.47
37.01
35.97
35.97
35.72
35.72
35.72
30.74
37.01
35.72
35.97
35.97
35.97
35.97
32.53
35.97
35.97
35.97
35.72
35.97
35.47
32.95
35.72
35.97
35.72
35.97
35.97
35.23
35.97
35.97
35.72
35.97
35.72
35.72
35.47
38.67
35.97
35.97
35.97
35.97
35.72
31.71
35.97
35.97
35.97
35.97
35.72
35.72
32.95
35.97
35.97
35.97
35.97
35.72
30.37
39.25
35.97
35.97
35.97
35.72
35.97
30.74
35.72
35.97
35.97
35.97
35.97
35.72
32.95
35.97
35.97
35.72
35.72
35.72
30.37
38.67
35.97
35.72
35.97
35.97
35.72
35.72
35.97
35.97
35.97
35.97
35.72
35.72
33.16
35.97
35.97
35.97
35.72
35.97
30.37
39.25
35.72
35.97
35.97
35.97
35.97
32.53
35.97
35.72
35.72
35.72
35.72
35.47
33.16
35.97
35.97
35.97
35.72
35.72
30.55
35.97
35.97
35.97
35.72
35.97
35.72
32.53
35.97
35.97
35.72
35.97
35.72
31.51
38.67
35.97
35.97
35.72
35.97
35.72
35.72
35.97
35.97
35.72
35.97
35.97
35.72
33.16
35.97
35.97
35.97
35.97
35.72
35.72
38.96
35.72
35.97
35.72
35.72
35.97
31.71
37.01
35.97
35.97
35.72
35.97
35.47
32.95
35.97
35.97
35.72
35.72
35.97
35.23
35.72
35.97
35.97
35.72
35.97
35.72
30.55
37.01
35.97
35.97
35.97
35.72
35.72
30.74
37.01
35.97
35.97
35.72
35.72
35.97
32.74
35.97
35.97
35.97
35.97
35.72
35.47
33.16
35.97
35.97
35.97
35.72
35.72
35.23
35.97
35.72
35.72
35.97
35.97
35.72
30.55
37.01
35.97
35.97
37.01
35.72
35.72
32.53
35.97
35.72
35.97
35.97
35.97
35.72
32.95
35.97
35.72
35.97
35.72
35.72
35.47
33.16
37.01
35.97
35.72
35.97
35.72
30.55
35.97
35.97
35.97
35.97
35.72
35.72
30.55
37.01
35.72
35.97
35.97
35.72
35.47
32.74
35.97
35.72
35.97
35.97
35.72
35.97
32.95
35.97
35.97
35.97
35.97
35.97
35.47
32.95
35.97
35.97
35.97
35.97
35.72
35.72
35.72
35.97
35.97
35.72
35.97
36.74
35.72
33.16
35.97
35.97
35.97
35.72
35.97
35.47
33.16
35.72
35.97
35.72
35.97
35.97
35.47
35.97
35.97
35.97
35.72
35.97
35.72
35.47
38.96
35.97
35.97
35.72
35.97
35.72
35.72
37.01
35.72
35.97
35.97
36.74
35.72
31.71
37.01
35.97
35.97
35.97
35.72
35.47
31.71
35.97
35.97
35.97
35.72
35.72
36.74
35.97
35.97
35.72
35.72
35.97
35.97
35.72
32.95
35.97
35.97
35.97
35.97
35.97
35.72
