51.52
51.52
52.02
52.02
51.52
41.77
58.15
52.02
51.52
51.52
51.52
51.52
51.52
52.02
58.15
51.52
52.02
52.02
52.02
51.52
51.52
41.77
58.15
51.52
51.52
52.02
51.52
51.52
52.02
42.11
51.52
52.02
51.52
51.52
51.03
51.52
51.52
46.57
55.77
52.02
52.02
51.52
51.52
52.02
51.03
51.52
51.52
51.52
52.02
51.52
52.02
51.52
51.03
46.57
52.02
52.02
51.52
52.02
51.52
52.02
51.52
46.17
51.52
52.02
51.52
51.52
51.52
51.52
50.55
59.42
51.52
52.02
51.03
51.52
51.52
51.52
41.44
58.78
52.02
51.52
52.02
51.52
52.02
52.02
49.61
46.17
51.52
52.02
51.52
51.52
51.52
51.52
42.11
59.42
52.02
51.52
51.52
52.02
52.02
51.52
51.52
58.15
51.52
52.02
51.52
51.52
52.02
51.52
41.12
58.15
52.02
52.02
51.52
52.02
51.52
52.02
42.11
51.52
51.52
51.52
51.52
52.02
51.52
51.03
46.57
55.77
51.52
51.52
51.52
51.52
51.03
51.52
51.52
51.52
52.02
52.02
51.52
52.02
51.52
51.03
46.99
51.52
52.02
51.52
52.02
51.52
51.52
41.77
60.07
51.52
51.52
51.52
51.52
51.52
51.52
52.02
59.42
52.52
52.02
52.02
52.02
52.02
51.52
51.03
60.07
51.52
52.02
52.02
51.52
52.02
51.52
51.03
52.02
51.52
52.02
52.02
51.52
51.52
51.52
41.77
47.41
51.52
51.52
51.03
52.02
51.52
51.52
51.52
59.42
52.02
52.02
51.52
52.02
52.02
51.52
51.03
59.42
55.77
51.52
52.02
51.52
51.52
51.52
51.52
52.02
58.15
51.52
52.02
52.02
52.02
52.02
51.52
41.44
59.42
52.02
52.02
51.52
51.52
52.02
51.52
50.07
51.52
52.02
52.02
52.02
52.02
52.02
51.52
42.11
59.42
52.02
52.02
51.52
52.02
51.52
51.52
42.11
59.42
51.52
52.02
51.52
52.02
51.52
51.52
51.52
46.57
52.02
51.52
51.52
52.02
51.52
51.52
41.44
59.42
51.52
51.52
52.02
51.52
51.52
51.52
41.44
52.02
52.02
51.52
51.52
52.02
51.52
51.52
42.11
59.42
51.52
51.52
51.52
52.02
52.02
51.52
51.52
59.42
51.52
52.02
52.02
52.02
52.02
51.52
51.03
60.07
53.57
51.52
52.02
51.52
52.02
52.02
51.03
51.52
52.02
51.03
52.02
51.52
52.02
52.02
41.44
46.99
52.02
52.02
52.02
52.02
51.52
51.03
41.44
59.42
51.52
52.02
51.52
52.02
51.52
51.52
51.03
46.99
52.02
52.02
52.02
51.52
52.02
51.52
46.57
59.42
52.52
51.52
52.02
52.02
52.02
51.52
51.03
52.02
52.02
52.02
52.02
51.03
51.52
51.52
41.77
46.99
52.02
51.52
51.52
52.02
52.02
51.52
51.52
59.42
51.52
52.02
52.02
52.02
52.02
51.52
51.03
59.42
53.57
51.52
52.02
52.02
52.02
52.02
51.03
51.52
52.02
51.52
52.02
52.02
51.52
51.52
51.03
46.99
52.02
52.02
51.52
52.02
51.52
51.52
51.52
59.42
51.52
51.52
51.52
52.02
51.52
51.52
51.52
47.41
52.02
51.52
52.02
51.52
52.02
51.52
50.55
59.42
52.02
51.52
52.02
52.02
52.02
51.52
51.03
46.57
52.02
51.03
52.02
52.02
51.03
51.52
41.44
46.99
51.52
51.52
52.02
51.52
52.02
52.02
51.52
59.42
51.52
52.02
52.02
51.03
51.52
51.52
51.03
59.42
53.57
52.02
51.52
51.52
52.02
51.52
51.03
51.52
52.02
52.02
51.52
52.02
52.02
52.02
51.03
46.99
52.02
52.02
51.52
51.52
52.02
51.52
51.52
59.42
51.52
52.02
52.02
52.02
51.52
51.52
51.03
46.99
51.52
52.02
51.52
51.52
51.52
51.03
41.44
52.02
52.02
52.02
52.02
51.52
51.52
52.02
42.11
58.78
52.02
52.02
52.02
51.03
52.02
51.52
41.77
59.42
51.52
51.52
51.52
52.02
51.52
52.02
51.52
60.07
53.57
52.02
51.52
52.02
51.52
51.52
51.03
46.57
51.52
51.52
52.02
52.02
51.52
51.52
51.03
52.02
52.02
52.02
52.02
51.52
51.52
51.52
41.77
60.07
52.02
52.02
51.52
52.02
51.52
51.52
51.52
47.41
52.02
51.52
51.52
52.02
52.02
51.52
45.77
59.42
52.52
51.52
52.02
52.02
52.02
51.52
51.03
51.52
52.02
51.52
51.52
52.02
51.52
51.52
41.44
46.99
51.52
52.02
52.02
52.02
52.02
51.52
41.44
60.07
52.02
52.02
51.52
52.02
51.52
51.52
52.02
46.99
51.52
52.02
52.02
52.02
51.52
51.52
51.03
46.99
