50.07
49.61
49.61
49.61
50.07
40.16
50.07
49.15
50.07
50.07
49.61
49.61
49.61
40.79
55.77
49.61
50.07
50.07
50.07
49.61
49.61
49.61
55.77
49.61
50.07
50.07
50.07
49.61
49.61
49.15
45.38
50.07
50.07
50.07
49.61
49.61
49.61
48.71
55.77
50.07
50.07
49.61
49.61
49.61
50.07
49.15
44.99
50.07
50.07
50.07
50.07
50.07
50.07
40.79
55.77
49.61
50.07
49.61
50.07
50.07
49.61
49.61
56.94
50.07
49.61
50.07
49.61
50.07
49.61
49.61
56.94
50.07
50.07
49.61
49.61
49.61
49.61
49.15
49.61
49.61
50.07
50.07
50.07
49.61
49.61
40.16
45.38
50.07
50.07
50.07
49.61
49.61
49.61
49.61
55.77
50.07
50.07
49.61
49.61
49.61
49.61
49.15
45.38
50.07
49.61
50.07
49.61
49.61
49.61
49.15
49.61
49.61
49.61
50.07
49.61
49.61
50.07
48.27
44.99
50.07
50.07
50.07
50.07
49.61
49.61
40.79
56.94
49.61
50.07
49.61
49.61
50.07
49.61
50.07
45.38
50.07
49.61
50.07
50.07
50.07
49.61
40.16
55.77
50.07
49.61
49.61
49.61
49.61
50.07
49.15
50.07
50.07
50.07
50.07
49.61
50.07
49.61
48.27
45.38
49.61
50.07
50.07
50.07
49.61
49.61
49.61
56.94
49.61
49.61
49.61
49.61
49.61
49.61
49.15
45.38
50.07
49.61
49.61
49.61
49.15
49.61
49.15
49.61
50.07
50.07
50.07
49.61
50.07
49.61
40.48
45.38
50.07
50.07
50.07
50.07
50.07
49.61
42.11
56.94
49.61
50.07
50.07
50.07
50.07
50.07
50.07
55.77
50.07
49.61
49.61
50.07
49.61
49.61
49.15
45.38
50.07
49.15
50.07
49.61
50.07
49.61
48.27
50.07
50.07
50.07
50.07
49.61
50.07
49.61
40.48
56.94
49.61
50.07
49.61
50.07
49.61
49.61
49.61
45.38
49.61
49.61
50.07
49.61
50.07
50.07
49.15
56.94
50.07
50.07
49.61
50.07
49.61
50.07
49.15
50.07
50.07
49.61
50.07
50.07
50.07
49.61
40.16
45.38
49.61
50.07
50.07
50.07
49.61
49.61
40.48
56.94
50.07
49.61
49.61
50.07
50.07
49.61
49.15
45.38
50.07
50.07
50.07
50.07
49.61
49.61
40.48
55.77
50.07
49.61
49.61
49.61
49.61
49.61
49.15
50.07
50.07
49.61
50.07
50.07
49.61
50.07
49.15
45.38
50.07
49.61
49.61
50.07
50.07
49.61
49.61
56.94
50.07
50.07
50.07
49.61
50.07
50.07
49.15
56.94
50.55
50.07
50.07
50.07
49.61
49.61
49.15
50.07
49.61
50.07
49.61
50.07
50.07
49.61
40.16
44.99
50.07
50.07
50.07
50.07
49.61
49.61
49.61
46.17
49.61
50.07
49.61
50.07
50.07
50.07
49.15
55.77
49.61
49.61
50.07
50.07
50.07
49.61
49.61
44.61
50.07
49.61
49.61
49.61
50.07
49.61
49.15
44.24
49.61
50.07
49.61
50.07
50.07
50.07
49.15
44.61
50.07
50.07
50.07
50.07
49.61
50.07
49.61
44.61
50.07
50.07
50.07
49.61
50.07
49.61
48.71
45.38
50.07
50.07
49.61
49.61
49.61
49.61
49.15
49.61
50.07
50.07
50.07
50.07
49.61
49.61
40.48
56.94
49.61
50.07
50.07
49.61
49.61
49.61
49.61
45.38
50.07
49.61
50.07
50.07
50.07
49.61
49.15
56.94
50.55
50.07
50.07
50.07
49.61
50.07
49.15
49.61
50.07
49.61
50.07
50.07
49.61
50.07
49.15
44.61
50.07
50.07
50.07
50.07
50.07
50.07
40.48
45.38
49.61
50.07
49.61
50.07
50.07
49.61
49.61
46.17
50.07
50.07
50.07
50.07
49.61
49.61
49.15
56.94
50.07
50.07
50.07
48.71
49.61
50.07
49.61
49.61
50.07
49.61
50.07
50.07
50.07
49.61
40.16
44.99
50.07
49.61
49.61
50.07
49.61
49.61
49.61
45.38
49.61
50.07
49.61
49.61
50.07
49.61
49.15
45.77
50.07
50.07
50.07
49.61
50.07
49.61
27.37
49.61
50.07
49.61
50.07
49.61
49.61
49.61
40.48
56.94
50.07
50.07
50.07
50.07
49.61
49.61
40.16
45.38
50.07
50.07
49.61
49.61
50.07
49.61
50.07
56.94
50.55
50.07
50.07
50.07
50.07
49.61
49.15
45.38
50.07
49.61
50.07
49.61
49.61
50.07
49.15
50.07
50.07
50.07
50.07
50.07
50.07
49.61
40.16
45.38
49.61
49.61
49.61
50.07
49.61
49.61
50.07
56.94
49.61
50.07
50.07
50.07
49.61
49.61
49.61
44.99
50.55
50.07
50.07
49.15
49.15
49.61
49.61
49.61
50.07
49.61
50.07
49.61
49.61
49.61
49.61
43.51
50.07
50.07
50.07
50.07
49.61
49.61
49.15
44.61
49.61
49.61
50.07
50.07
49.61
49.61
49.61
44.24
51.52
50.07
50.07
50.07
