38.67
42.45
42.11
42.11
40.79
42.11
41.77
37.27
41.77
40.79
42.11
40.79
42.11
42.11
41.12
38.67
42.45
42.11
40.79
42.11
40.79
41.77
37.27
41.44
42.11
40.79
40.79
41.77
40.79
40.79
46.99
40.79
42.11
42.11
42.11
42.11
41.77
34.51
42.45
42.11
42.11
42.11
41.77
41.77
41.77
38.67
42.11
42.11
40.79
40.79
42.11
41.77
37.27
43.15
42.11
42.11
42.11
41.77
41.77
42.11
46.57
41.77
42.11
40.79
42.11
42.11
41.44
38.38
42.11
42.11
40.79
42.11
42.11
41.77
38.38
42.11
42.11
42.11
42.11
42.11
42.11
37.82
40.79
40.79
42.11
42.11
42.11
41.77
37.27
41.12
42.11
42.11
42.11
41.77
41.77
41.77
46.99
41.77
42.11
41.77
42.11
40.79
41.44
38.38
42.11
42.11
42.11
41.77
41.77
41.77
38.38
40.79
41.77
40.79
42.11
42.11
41.77
38.38
41.77
42.11
40.48
41.77
42.11
41.77
37.27
42.11
42.11
42.11
41.77
42.11
42.11
42.11
44.61
41.77
42.11
42.11
42.11
42.11
34.75
39.25
42.11
41.77
42.11
42.11
42.11
41.44
42.11
42.11
41.77
41.77
42.11
42.11
40.79
38.38
42.11
42.11
42.11
42.11
42.11
41.77
37.27
42.11
40.79
41.77
42.11
42.11
40.48
40.79
42.45
42.11
42.11
42.11
40.79
41.77
37.27
46.17
42.11
42.11
42.11
42.11
41.77
34.99
40.79
42.11
42.11
42.11
42.11
40.79
41.77
38.67
42.11
40.79
42.11
42.11
40.79
41.77
38.10
42.11
42.11
41.77
42.11
41.77
41.44
42.11
42.11
40.79
42.11
42.11
40.79
42.11
37.82
42.45
41.77
42.11
42.11
42.11
41.77
37.27
42.11
41.77
42.11
42.11
42.11
41.77
34.28
44.61
42.11
42.11
42.11
42.11
41.77
35.23
44.61
42.11
42.11
42.11
42.11
41.77
40.16
42.11
42.11
42.11
42.11
42.11
42.11
41.77
38.38
42.11
42.11
42.11
40.48
42.11
41.77
37.27
42.11
42.11
42.11
41.77
40.79
42.11
34.75
44.61
42.11
42.11
41.77
40.79
40.79
34.75
46.99
41.77
42.11
41.77
42.11
42.11
41.77
42.11
42.11
42.11
42.11
42.11
41.77
42.11
37.27
44.61
42.11
42.11
41.77
42.11
41.77
35.23
42.11
42.11
40.79
42.11
42.11
41.77
41.44
46.57
42.11
42.11
42.11
40.48
41.77
41.44
38.38
42.11
42.11
42.11
42.11
42.11
41.77
35.23
41.12
42.11
42.11
42.11
42.11
42.11
34.75
46.17
40.79
42.11
41.77
42.11
41.77
41.44
42.11
41.77
42.11
41.77
42.11
42.11
41.77
38.10
42.11
42.11
42.11
41.77
41.77
42.11
37.27
42.11
40.79
41.77
40.79
42.11
41.77
41.44
44.61
42.11
40.79
42.11
42.11
42.11
41.44
38.10
42.11
40.79
41.77
42.11
40.79
41.77
40.79
42.11
42.11
42.11
41.77
40.48
42.11
34.28
46.17
42.11
42.11
41.77
42.11
41.77
40.16
42.11
42.45
42.11
40.48
42.11
40.48
41.77
38.38
42.45
42.11
42.11
40.79
40.48
40.48
38.38
41.77
42.11
41.77
42.11
42.11
41.77
42.11
42.45
42.11
40.48
42.11
42.11
42.11
35.23
46.17
42.11
42.11
41.77
42.11
41.77
34.99
40.79
42.11
42.11
42.11
40.79
42.11
41.77
38.67
42.11
42.11
42.11
41.77
40.48
41.44
38.38
41.77
41.12
40.79
42.11
42.11
40.79
37.27
42.11
41.77
42.11
42.11
40.48
40.48
37.27
44.61
40.79
42.11
42.11
42.11
41.77
35.23
41.77
42.11
42.11
41.77
42.11
41.77
41.44
45.38
42.11
42.11
42.11
41.77
42.11
42.11
37.01
42.11
42.11
40.48
42.11
42.11
41.77
37.27
42.11
40.79
41.77
42.11
41.77
41.77
37.27
41.77
41.77
41.44
42.11
42.11
41.77
37.27
42.11
42.11
41.77
40.79
42.11
42.11
41.77
46.57
42.11
42.11
42.11
41.77
40.79
41.77
38.67
41.77
42.11
40.79
41.77
42.11
40.48
37.82
40.79
42.11
42.11
40.79
42.11
40.48
38.38
40.79
42.11
42.11
42.11
42.11
41.77
37.27
42.45
42.11
42.11
42.11
40.79
41.77
35.23
41.77
42.11
42.11
42.11
41.77
41.77
42.11
46.17
40.79
42.11
42.11
42.11
42.11
35.23
45.38
40.48
41.77
41.77
42.11
40.48
40.48
46.57
42.11
41.77
42.11
42.11
42.11
41.77
38.38
41.77
42.11
42.11
42.11
40.79
41.77
37.27
41.77
42.11
42.11
42.11
41.77
42.11
42.11
43.15
42.11
42.11
42.11
42.11
42.11
35.23
46.17
42.11
42.11
41.77
41.77
41.77
40.79
41.77
42.11
41.77
40.79
42.11
42.11
42.11
46.99
41.77
41.77
41.77
42.11
42.11
40.16
38.67
40.79
42.11
42.11
40.79
41.77
41.77
41.77
42.11
42.11
42.11
42.11
42.11
42.11
37.27
46.17
41.77
42.11
42.11
41.77
41.77
34.99
40.48
41.44
42.11
42.11
40.48
