40.79
44.99
44.99
44.99
44.99
44.61
44.99
39.55
44.61
44.61
44.99
44.99
44.99
44.61
37.27
44.99
44.99
44.99
44.61
44.99
44.24
36.74
47.83
44.61
44.61
44.99
44.61
44.61
44.61
41.12
44.61
44.99
44.61
44.99
44.99
44.61
37.55
44.99
44.61
44.61
44.99
44.61
44.61
37.27
47.83
44.99
44.61
44.99
44.61
44.24
43.51
41.12
44.61
44.61
44.99
44.99
44.61
44.61
40.79
45.38
44.61
44.99
44.61
44.99
44.61
37.01
44.61
44.61
44.61
44.61
44.24
44.61
44.24
40.79
45.38
44.61
44.99
44.61
44.99
44.24
36.74
44.61
44.61
44.61
44.61
44.24
44.61
44.61
40.16
47.83
44.61
44.61
44.99
44.61
44.61
44.24
50.55
44.61
44.61
44.99
44.61
44.24
44.61
39.55
47.83
44.99
44.61
44.99
44.61
44.61
44.24
41.44
44.61
44.61
44.61
44.61
44.61
44.61
37.01
44.61
44.61
44.99
44.61
44.61
44.61
44.61
40.16
47.83
44.99
44.99
44.61
44.99
44.61
44.61
44.24
44.99
44.99
44.61
44.61
44.99
44.61
39.55
47.83
44.99
44.61
44.99
44.61
44.61
44.24
50.55
44.99
44.99
44.99
44.61
44.99
44.99
40.79
46.17
44.99
44.99
44.61
44.99
44.61
36.74
47.83
44.61
44.61
44.61
44.99
44.61
44.61
40.79
44.99
44.99
44.99
44.61
44.99
44.99
37.01
47.83
44.61
44.61
44.99
44.61
44.99
44.99
40.48
44.61
44.99
44.99
44.99
44.99
44.61
36.74
47.83
44.99
44.99
44.99
44.61
44.61
44.24
40.48
44.61
44.99
44.61
44.99
44.61
44.61
44.99
47.83
44.61
44.99
44.99
44.61
44.61
44.61
39.55
44.99
44.99
44.61
44.99
44.99
44.61
44.61
50.07
44.61
44.99
44.99
44.99
44.61
44.61
40.16
44.61
44.99
44.61
44.61
44.61
44.61
44.61
50.55
44.61
44.61
44.99
44.99
44.99
44.61
37.55
44.99
44.61
44.99
44.99
44.99
44.61
36.74
39.25
44.61
44.99
44.61
44.99
44.61
44.61
44.99
45.38
44.99
44.99
44.61
44.61
44.99
44.24
40.79
44.61
44.24
44.61
44.61
44.61
44.24
44.61
47.83
44.61
44.61
44.99
44.99
44.99
44.24
41.12
44.99
44.99
44.99
44.61
44.99
44.61
44.61
47.83
44.61
44.99
44.24
44.61
44.99
44.24
40.79
44.99
44.61
44.99
44.99
44.99
44.61
37.27
47.83
44.99
44.99
44.61
44.99
44.24
44.61
44.99
44.99
44.61
44.61
44.99
44.61
44.99
37.27
47.83
44.61
44.99
44.61
44.99
44.61
44.24
44.99
44.99
44.99
44.99
44.99
44.61
44.24
40.79
47.83
44.99
44.99
44.99
44.99
44.61
36.74
44.99
44.99
44.61
44.99
44.99
44.61
44.61
41.12
44.99
44.99
44.99
44.99
44.61
44.24
40.79
44.99
44.99
44.61
44.99
44.99
44.61
44.61
44.99
44.99
44.99
44.99
44.99
44.99
37.55
47.83
44.99
44.99
44.61
44.61
44.24
33.16
44.61
44.61
44.61
44.99
44.61
44.61
44.61
41.12
44.99
44.99
44.99
44.99
44.61
44.61
40.79
44.99
44.99
44.99
44.99
44.61
44.61
44.99
47.83
44.61
44.99
44.99
44.99
44.99
37.01
50.55
44.99
44.61
44.61
44.61
44.99
44.61
44.61
44.99
44.61
44.99
44.99
44.99
44.99
39.55
47.83
44.99
44.99
44.99
44.99
44.61
37.01
47.83
44.99
44.61
44.99
44.61
44.99
44.99
41.44
44.99
44.99
44.99
44.61
44.99
44.24
39.55
44.99
44.99
44.99
44.99
44.61
44.61
44.61
47.83
44.61
44.99
44.99
44.99
44.61
37.01
50.55
44.99
44.99
44.61
44.99
44.61
44.24
44.61
44.99
44.61
44.61
44.99
44.61
44.61
41.44
44.99
44.99
44.99
44.61
44.61
44.24
40.79
44.99
44.99
44.61
44.99
44.61
44.61
44.61
44.99
44.99
44.99
44.99
44.61
44.61
40.48
44.99
44.99
44.99
44.99
44.99
44.61
40.79
44.61
44.99
44.61
44.99
44.61
44.61
37.55
44.99
44.99
44.99
44.99
44.61
44.61
40.16
45.38
44.99
44.99
44.99
44.99
44.61
39.55
44.99
44.99
44.61
44.99
44.99
44.61
37.27
44.99
44.99
44.99
44.61
44.61
44.99
44.99
46.17
44.61
44.99
44.61
44.99
44.61
37.27
47.83
44.61
44.99
44.99
44.99
44.61
37.27
47.83
44.99
44.61
44.99
44.61
44.99
44.61
50.55
44.99
44.61
44.99
44.61
44.61
44.24
41.12
44.99
44.99
44.61
44.61
44.61
44.61
44.61
44.99
44.61
44.61
44.99
44.99
44.61
40.79
44.99
44.61
44.61
44.99
44.61
44.24
37.27
44.61
44.61
44.61
44.99
44.99
44.61
44.99
47.83
44.99
44.99
44.99
44.99
44.61
28.30
41.12
