47.83
47.83
43.51
49.61
47.83
47.83
47.83
47.83
48.27
47.41
41.77
47.83
47.83
48.27
47.83
47.83
47.83
42.11
47.83
47.83
47.83
47.83
47.83
47.83
39.25
54.65
48.27
47.83
47.83
47.83
48.27
47.83
43.51
47.83
48.27
47.83
47.83
47.83
47.41
42.11
48.27
48.27
47.83
47.83
47.83
47.83
38.96
53.57
47.83
47.83
47.83
48.27
47.83
47.41
43.51
47.83
47.83
47.83
47.83
48.27
47.83
42.11
47.83
47.83
47.83
47.83
47.83
47.83
38.96
47.83
47.83
47.83
47.83
47.83
47.83
47.83
43.51
47.83
47.83
48.27
47.83
47.83
47.83
39.55
47.83
48.27
47.83
47.83
47.83
47.83
47.41
54.65
47.83
48.27
47.83
47.83
47.83
47.41
43.51
47.83
47.83
47.83
48.27
47.83
48.27
47.83
53.57
47.83
47.83
48.27
47.83
47.83
46.99
43.87
48.27
48.27
47.83
47.83
47.83
47.83
47.83
47.83
47.83
47.83
47.83
47.83
47.83
38.96
54.65
47.83
47.83
47.83
47.83
47.83
47.83
47.83
48.27
47.83
47.83
47.83
47.83
47.83
42.11
47.83
47.83
48.27
47.83
47.83
47.83
47.41
54.65
47.83
47.83
47.83
47.83
47.83
48.27
42.11
47.83
47.83
48.27
47.83
47.83
47.83
38.96
47.83
47.83
47.83
48.27
47.83
47.83
47.83
43.87
47.83
47.83
47.83
48.27
47.83
47.83
42.11
47.83
47.83
48.27
47.83
47.83
47.83
39.55
47.83
47.83
47.83
47.83
47.83
47.83
28.80
47.83
47.83
47.83
48.27
48.27
48.27
47.41
43.51
47.83
48.27
48.27
47.83
47.83
47.83
42.11
48.27
47.83
47.83
48.27
47.83
48.27
39.55
47.83
48.27
47.83
47.83
48.27
47.83
38.96
54.65
47.83
48.27
47.83
47.83
47.83
47.41
43.51
47.83
48.27
47.83
47.83
47.83
47.83
42.11
47.83
47.83
48.27
47.83
47.83
47.83
39.55
47.83
48.27
47.83
47.83
47.83
47.83
47.41
38.96
47.83
47.83
47.83
47.83
47.83
47.83
43.51
47.83
47.83
47.83
47.83
48.27
48.27
39.55
49.61
47.83
47.83
47.83
47.83
48.27
39.55
53.57
48.27
47.83
47.83
48.27
47.83
47.41
47.83
47.83
47.83
48.27
47.83
47.83
47.41
43.51
48.27
47.83
47.83
47.83
47.83
47.83
39.55
47.83
48.27
47.83
47.83
47.83
47.83
47.41
54.65
48.27
47.83
47.83
47.83
47.83
47.41
42.80
47.83
47.83
47.83
47.83
47.83
48.27
47.83
47.83
47.83
47.83
47.83
47.83
48.27
38.96
54.65
47.83
47.83
47.83
47.83
47.83
47.41
47.83
48.27
47.83
48.27
47.83
47.83
47.83
42.11
47.83
47.83
47.83
47.83
47.83
47.83
47.41
47.83
47.83
47.83
48.27
48.27
47.83
47.83
43.51
49.61
47.83
47.83
47.83
47.83
47.83
38.96
47.83
47.83
47.83
47.83
47.83
47.83
47.83
43.51
47.83
47.83
47.83
48.27
47.83
47.83
42.11
48.27
48.27
47.83
48.27
47.83
48.27
47.83
47.83
47.83
48.27
47.83
48.27
47.83
38.96
55.20
47.83
47.83
47.83
47.83
47.83
47.41
43.51
47.83
47.83
47.83
47.83
47.83
47.83
42.11
47.83
48.27
47.83
48.27
47.83
47.83
47.83
54.65
47.83
47.83
47.83
47.83
47.83
47.83
43.87
47.83
48.27
48.27
47.83
47.83
47.83
39.55
47.83
47.83
47.83
47.83
47.83
47.83
47.83
54.65
47.83
47.83
47.83
47.83
48.27
47.41
43.51
47.83
48.27
47.83
48.27
47.83
47.83
42.11
47.83
47.83
47.83
48.27
47.83
47.83
39.55
47.83
47.83
48.27
47.83
47.83
47.83
47.41
54.65
48.27
48.27
47.83
47.83
47.83
47.41
43.51
47.83
48.27
47.83
47.83
47.83
47.83
39.25
47.83
48.27
48.27
47.83
47.83
48.27
38.96
54.65
47.83
48.27
47.83
48.27
47.83
47.41
47.83
48.27
48.27
47.83
47.83
47.83
47.41
42.11
47.83
48.27
47.83
47.83
48.27
47.83
38.96
47.83
48.27
47.83
47.83
47.83
47.83
47.83
43.87
47.83
47.83
47.83
47.83
47.83
47.83
39.55
47.83
48.27
47.83
47.83
48.27
47.41
47.41
54.65
47.83
47.83
48.27
47.83
47.83
47.83
42.11
48.27
47.83
47.83
48.27
47.83
48.27
47.83
47.83
47.83
48.27
47.83
48.27
47.83
47.41
43.51
47.83
47.83
47.83
47.83
47.83
48.27
47.83
47.83
47.83
47.83
48.27
48.27
47.83
47.41
43.51
47.83
48.27
47.83
