49.61
49.15
44.99
49.61
49.61
50.07
49.61
50.07
49.61
40.48
55.77
50.07
50.07
49.61
49.61
50.07
49.15
42.11
49.61
49.61
50.07
50.07
49.61
49.61
49.61
44.99
50.07
50.07
50.07
49.61
50.07
49.15
40.79
49.61
49.61
50.07
49.61
50.07
50.07
50.07
56.94
49.61
49.61
49.61
49.61
50.07
49.61
40.48
55.77
50.07
49.61
49.61
49.61
49.61
49.61
40.16
49.61
50.07
50.07
50.07
50.07
49.15
49.61
44.61
50.55
50.07
50.07
50.07
50.07
49.61
40.16
55.77
50.07
49.61
49.61
49.61
49.61
50.07
40.79
50.07
50.07
49.61
50.07
49.61
49.61
49.15
45.38
50.07
50.07
50.07
49.61
49.61
49.61
42.11
50.07
49.61
49.61
49.61
50.07
49.61
49.15
45.38
50.07
50.07
50.07
49.61
50.07
49.15
42.11
49.61
49.61
50.07
50.07
49.61
49.61
49.15
56.94
50.07
50.07
50.07
50.07
50.07
49.15
40.79
49.61
50.07
49.61
49.61
49.61
49.61
49.61
56.94
50.07
50.07
50.07
50.07
49.61
49.61
40.16
55.77
50.07
50.07
50.07
49.61
49.61
50.07
43.51
50.07
50.07
50.07
49.61
49.61
49.61
40.16
55.77
49.61
49.61
49.61
49.61
50.07
49.15
40.79
50.07
50.07
50.07
50.07
49.61
50.07
48.71
56.94
49.61
49.61
49.61
50.07
49.61
49.61
49.15
56.94
50.07
49.61
50.07
49.61
50.07
49.61
40.48
50.07
50.07
50.07
49.61
50.07
49.61
49.15
45.38
50.07
50.07
50.07
49.61
49.61
49.15
44.99
49.61
50.07
50.07
50.07
49.61
49.61
40.48
55.77
50.07
50.07
49.61
50.07
50.07
49.15
44.24
49.61
50.07
50.07
49.61
50.07
49.61
40.16
55.77
50.07
50.07
50.07
50.07
50.07
49.15
44.24
49.61
49.61
49.61
49.61
49.61
49.61
49.61
56.94
50.07
49.61
49.61
49.61
49.61
49.61
40.79
49.61
49.61
50.07
50.07
49.61
50.07
49.61
46.17
49.61
49.61
49.61
50.07
49.61
49.15
40.79
51.52
50.07
50.07
50.07
49.61
49.61
48.71
45.77
49.15
50.07
50.07
50.07
49.61
49.15
40.79
50.55
49.61
49.61
49.61
49.61
49.61
49.15
45.38
50.07
50.07
49.61
50.07
49.61
49.15
50.07
50.07
49.61
50.07
49.61
49.61
49.61
40.48
56.94
49.61
50.07
49.61
49.61
49.61
49.61
49.61
51.52
49.61
50.07
49.61
49.61
49.61
49.15
45.38
49.61
50.07
49.61
50.07
49.61
49.15
42.11
55.77
49.61
50.07
49.61
50.07
49.61
49.61
42.11
50.07
50.07
50.07
50.07
49.61
49.61
40.79
55.77
49.61
50.07
49.15
50.07
50.07
49.61
49.61
50.07
50.07
50.07
50.07
49.61
49.61
39.86
56.94
50.07
50.07
49.61
49.61
49.61
49.15
49.61
51.52
49.61
50.07
50.07
50.07
50.07
40.48
56.94
49.61
50.07
49.61
50.07
50.07
49.15
43.51
50.55
49.61
49.61
49.61
49.61
50.07
40.16
45.38
50.07
50.07
50.07
50.07
50.07
49.61
44.61
49.61
49.61
50.07
50.07
49.15
49.61
40.79
49.61
50.07
50.07
50.07
50.07
49.61
49.15
56.94
50.07
49.61
49.61
49.61
49.61
50.07
40.79
50.07
50.07
50.07
50.07
50.07
49.61
49.15
56.94
50.07
49.61
49.61
50.07
49.61
49.61
40.79
55.77
50.07
49.61
50.07
50.07
49.61
50.07
44.99
50.07
50.07
49.61
50.07
49.61
49.61
40.79
51.52
49.15
49.61
50.07
50.07
50.07
49.61
45.38
49.61
49.61
50.07
50.07
49.61
49.61
40.79
49.61
49.15
49.61
50.07
49.61
49.61
50.07
46.99
49.61
49.61
49.61
49.61
49.61
49.61
40.48
51.52
50.07
50.07
50.07
50.07
50.07
40.16
45.77
49.61
50.07
49.61
49.61
49.61
49.61
49.61
55.77
50.07
49.61
49.61
50.07
49.61
49.61
40.48
55.77
50.07
50.07
50.07
50.07
49.61
49.61
40.79
49.61
50.07
50.07
50.07
49.61
49.61
49.61
44.61
51.52
50.07
50.07
49.61
49.61
49.61
49.15
49.61
50.07
50.07
50.07
50.07
50.07
49.61
40.79
55.77
49.61
49.61
49.61
50.07
49.61
49.61
40.79
55.77
49.61
50.07
50.07
50.07
50.07
49.61
40.48
55.77
50.07
49.61
50.07
50.07
50.07
49.61
40.79
55.77
50.07
49.61
50.07
50.07
49.61
49.61
40.48
49.61
49.61
49.61
49.61
50.07
49.61
49.61
42.11
55.77
49.61
50.07
50.07
50.07
49.61
49.15
