14.90
14.85
14.85
14.61
13.05
13.56
12.79
12.16
11.90
12.13
16.04
13.52
10.10
8.24
7.74
7.71
7.68
7.67
7.62
7.30
7.69
7.69
7.68
7.67
7.65
7.64
7.69
7.69
7.71
7.68
7.71
7.72
7.71
7.69
7.67
7.61
7.30
7.75
7.69
7.69
7.65
7.57
7.32
7.69
7.69
7.71
7.65
7.71
8.19
63.53
63.53
64.27
64.27
63.53
64.27
64.27
63.53
64.27
63.53
62.81
62.81
48.27
66.59
58.78
58.78
58.15
60.73
58.15
60.73
60.73
58.78
58.15
55.77
55.77
55.77
55.20
48.27
55.77
54.10
51.03
51.52
51.52
52.02
51.52
51.52
51.52
46.57
52.02
52.02
52.02
52.02
52.02
51.52
51.52
51.03
44.99
51.52
52.02
51.52
52.02
49.61
49.15
49.61
51.03
51.52
59.42
51.52
52.02
52.02
52.02
52.02
51.52
52.02
49.15
43.51
49.61
50.07
49.61
50.07
50.07
49.61
50.07
49.61
50.07
55.77
51.52
50.07
50.07
49.61
49.61
49.61
49.61
49.15
44.61
49.61
50.07
49.61
49.61
47.83
47.83
47.83
48.27
47.83
47.83
48.27
49.61
49.61
49.61
49.61
49.61
49.61
38.96
44.24
47.83
48.27
47.83
47.83
47.83
48.27
47.83
47.41
42.11
47.83
47.83
48.27
48.27
47.83
47.83
47.83
47.41
38.10
53.04
46.57
46.57
46.17
46.57
44.61
44.61
44.99
35.72
39.25
43.51
43.51
43.51
43.51
43.51
43.15
43.15
43.15
37.27
47.83
43.51
43.51
43.15
43.15
43.51
43.15
43.15
42.80
38.96
43.15
43.51
43.51
43.51
43.15
43.51
44.24
43.15
43.15
47.83
42.11
42.11
40.48
40.79
40.79
40.48
39.55
38.96
37.01
39.55
39.55
39.55
39.55
39.55
39.55
39.25
39.25
39.25
40.48
39.55
39.55
39.25
39.25
39.55
39.55
39.25
35.23
43.15
39.55
40.79
40.79
42.11
42.11
40.48
40.48
33.83
40.48
40.79
39.25
39.55
39.55
38.10
37.01
36.74
36.74
34.99
41.77
38.38
39.55
39.55
39.55
40.79
39.55
38.38
33.38
38.38
38.38
38.38
38.38
38.10
38.38
38.38
38.10
32.11
41.77
38.38
38.38
38.38
38.38
38.38
38.38
38.10
38.38
35.47
