38.38
39.55
38.38
38.38
33.38
36.48
38.10
39.55
38.38
38.38
38.10
39.55
39.25
34.75
41.77
7.69
7.69
7.69
7.81
7.77
8.33
8.17
8.19
8.28
8.43
8.82
8.83
8.74
8.82
8.95
9.16
9.12
10.22
10.67
11.27
11.59
11.78
12.00
11.94
11.21
11.90
12.03
12.16
12.16
12.13
12.16
12.26
12.20
11.35
12.33
12.40
12.75
12.65
11.90
11.56
11.56
11.53
10.99
11.24
11.90
12.03
7.72
8.83
38.38
39.55
33.16
43.15
39.55
39.55
39.55
39.55
39.55
38.96
38.67
36.48
39.55
39.25
39.55
39.55
39.55
39.55
39.55
39.55
41.77
38.38
38.38
37.01
36.74
37.01
35.72
35.72
33.16
35.97
34.99
34.05
33.16
34.05
34.99
35.72
37.01
40.48
38.38
38.38
39.55
39.25
39.55
38.10
38.38
34.75
41.77
38.38
38.38
39.55
40.79
40.79
40.48
40.79
37.01
40.79
40.79
40.79
40.79
40.79
40.79
40.48
40.16
36.74
40.79
40.79
40.79
40.79
40.79
40.79
40.48
40.48
40.48
41.12
40.79
40.79
42.11
42.11
42.11
42.11
43.15
39.25
43.51
44.99
44.99
44.99
44.99
44.61
44.61
44.99
41.12
44.99
44.99
44.99
44.61
44.99
44.61
44.61
36.22
40.48
44.99
44.99
44.61
44.99
44.61
44.61
44.99
44.24
44.99
44.61
44.99
44.99
44.99
44.61
44.99
44.61
44.24
40.79
44.99
44.99
44.99
44.99
46.57
46.17
46.17
46.17
41.77
46.57
46.57
46.57
46.17
46.57
46.17
46.17
47.83
42.11
47.83
48.27
47.83
48.27
47.83
47.83
47.83
48.27
47.83
51.52
47.83
48.27
48.27
47.83
48.27
48.27
47.83
42.80
47.83
49.61
47.83
47.83
47.83
47.83
49.61
49.61
42.45
51.52
54.10
54.10
54.10
54.10
54.10
54.10
53.04
46.57
51.52
52.02
52.02
52.02
51.52
51.52
51.52
51.52
51.52
55.77
52.02
52.02
52.02
52.02
52.02
52.02
51.52
40.48
46.57
52.02
50.07
50.07
50.07
52.02
52.02
52.02
41.44
51.52
50.07
49.61
52.02
50.07
52.02
50.07
51.52
49.15
46.99
52.02
51.52
52.02
51.52
52.02
49.61
51.52
52.02
46.57
55.77
50.07
50.07
51.52
52.02
52.02
51.52
51.52
40.48
55.77
49.61
49.61
50.07
52.02
52.02
54.10
56.35
55.77
44.24
50.55
56.35
58.78
58.15
58.15
63.53
63.53
64.27
63.53
63.53
63.53
63.53
62.81
63.53
60.07
63.53
63.53
63.53
64.27
64.27
63.53
63.53
64.27
63.53
63.53
63.53
62.81
62.81
52.02
75.57
63.53
64.27
63.53
64.27
