8.52
8.85
9.10
9.56
9.65
9.63
9.56
9.46
9.29
8.66
9.14
8.69
8.45
8.08
8.11
7.78
7.69
7.69
7.68
7.68
7.72
7.62
8.24
8.08
8.06
7.67
7.61
7.25
7.71
7.69
7.69
7.68
7.71
7.27
7.71
7.69
7.69
7.65
7.65
7.30
7.69
9.21
38.38
38.10
38.10
38.10
32.11
38.10
38.38
38.38
38.38
38.38
38.38
38.10
38.10
31.71
35.72
38.38
38.38
38.38
38.38
38.38
39.55
38.38
36.74
30.37
36.74
39.55
38.38
34.99
32.11
31.51
34.05
36.74
36.74
30.93
35.97
33.16
34.05
34.05
31.51
29.48
29.48
31.51
34.75
38.10
35.72
34.99
32.32
30.74
31.51
34.05
39.55
42.11
41.77
33.60
36.48
38.38
38.38
39.55
40.79
39.55
39.25
40.79
40.79
34.05
40.79
40.48
40.79
40.79
40.79
40.79
40.79
40.79
40.48
33.83
37.01
40.79
40.79
40.48
40.79
40.79
40.79
39.55
40.79
39.55
43.51
39.55
36.74
34.99
33.16
34.05
38.10
42.11
44.61
36.74
47.83
40.79
36.74
34.99
35.97
38.96
43.15
46.57
45.77
37.82
50.55
43.51
43.51
43.51
43.51
44.99
46.57
46.17
46.17
44.99
41.77
43.51
43.51
43.51
43.51
43.51
43.51
43.15
43.15
42.80
39.25
44.61
43.51
43.51
43.51
43.51
43.51
43.15
43.51
43.15
43.51
46.99
40.79
39.55
38.38
39.25
40.48
43.51
46.17
47.83
42.80
46.17
43.51
40.79
39.55
39.25
39.55
40.79
42.11
43.51
40.48
46.17
44.99
44.99
42.11
39.55
38.38
38.38
39.25
33.60
47.83
43.51
44.99
44.61
44.61
44.61
44.99
44.99
44.99
37.27
44.99
44.99
44.99
44.99
44.99
44.61
44.99
44.61
44.61
40.16
47.83
44.99
44.99
43.51
43.51
43.15
43.51
44.61
42.80
39.55
47.83
48.27
47.83
48.27
46.17
46.57
43.15
42.11
41.44
37.27
44.61
46.57
50.07
50.07
49.61
49.61
47.83
46.17
47.41
42.11
56.94
50.07
49.61
50.07
50.07
50.07
47.83
49.61
49.61
49.61
56.94
49.61
50.07
49.61
50.07
50.07
49.61
47.83
47.83
39.86
45.38
52.02
53.57
56.35
52.02
50.07
47.83
46.17
46.17
45.77
52.02
55.77
54.10
53.57
51.52
44.99
43.51
42.11
43.51
47.83
53.04
51.52
58.15
54.10
54.10
53.57
54.10
53.57
54.10
54.10
47.41
52.02
51.52
52.02
52.02
50.07
52.02
50.07
51.52
51.52
39.86
44.24
46.99
46.57
52.02
54.10
51.52
46.17
39.55
39.55
39.25
38.96
55.77
61.41
61.41
52.02
46.57
44.99
46.57
49.61
53.57
55.77
42.45
51.52
52.02
51.52
52.02
49.61
49.61
52.02
55.77
58.15
58.15
57.54
51.03
66.59
58.15
58.78
58.15
58.78
58.15
58.78
57.54
58.15
58.78
58.15
58.15
58.15
57.54
57.54
48.27
66.59
58.78
