8.06
7.69
8.12
8.08
8.12
8.06
8.00
7.69
8.12
8.12
8.12
8.08
7.97
7.51
8.08
8.35
8.28
8.12
7.97
7.37
7.69
7.75
7.71
63.53
64.27
63.53
63.53
63.53
63.53
63.53
54.10
63.53
63.53
63.53
64.27
64.27
63.53
60.73
60.73
55.77
47.83
47.83
58.15
67.40
74.57
53.04
70.81
64.27
58.15
56.35
55.77
60.73
66.59
74.57
75.57
70.81
70.81
70.81
66.59
57.54
43.87
62.10
53.57
51.52
51.52
51.52
52.02
51.52
51.03
51.52
50.55
45.77
53.57
52.02
52.02
52.02
51.52
52.02
53.57
54.10
55.20
49.61
54.10
47.83
43.51
42.11
42.11
43.15
44.61
51.52
56.35
45.38
49.61
52.02
50.07
45.77
46.57
46.57
46.57
50.07
51.52
55.77
48.27
53.57
52.02
47.83
46.57
44.99
44.99
46.57
46.17
46.17
38.67
42.80
48.27
47.83
47.83
47.83
47.83
47.83
47.83
48.27
47.83
42.11
48.27
48.27
48.27
48.27
48.27
46.57
46.57
43.15
42.11
33.38
43.87
41.77
44.61
49.61
52.02
54.10
50.07
46.17
44.61
35.72
47.83
44.99
48.27
48.27
47.83
47.83
44.61
44.99
44.61
36.48
44.61
46.57
46.17
46.57
44.99
46.17
46.17
44.61
46.57
37.55
41.77
46.57
46.57
44.61
44.99
46.57
46.57
44.61
43.15
41.77
37.27
40.48
42.11
44.61
46.17
46.57
44.99
43.15
42.11
40.16
33.83
46.99
43.51
43.51
43.51
43.15
41.77
42.11
39.25
39.25
39.25
44.61
42.11
42.11
42.11
42.11
42.11
42.11
41.77
41.77
34.51
46.57
42.11
42.11
42.11
41.77
42.11
39.25
38.10
37.01
30.37
37.01
39.55
40.79
42.11
43.51
40.48
39.55
38.10
35.72
30.19
39.25
38.38
39.55
39.25
39.55
36.74
36.74
36.74
36.48
32.53
37.01
37.01
37.01
37.01
39.55
39.55
39.55
39.25
32.11
34.99
39.55
39.55
39.55
39.55
38.38
38.38
35.97
32.11
27.07
36.48
35.72
37.01
35.97
32.32
30.01
27.37
26.77
25.26
33.83
36.74
40.79
40.79
38.38
39.55
42.11
50.07
58.78
112.17
92.70
49.61
42.11
39.55
34.75
33.16
32.32
33.16
32.32
27.83
32.32
32.32
32.32
32.32
32.32
32.32
32.32
32.95
28.14
35.97
33.16
33.16
33.16
33.16
33.16
32.95
33.16
33.16
28.80
33.16
